388.22
387.91
388.23
388.88
389.15
388.05
386.22
384.82
384.76
383.44
384.12
383.59
382.68
385.35
385.4
384.62
383.26
379.07
379.81
379.28
380.38
379.9
381.33
380.4
382.43
383.11
384.82
384.67
384.54
384.55
384.18
379.89
377.79
380.09
380.46
379.69
379.47
381.24
382.67
382.87
382.87
383.73
382.63
383.45
383.03
383.07
382.12
382.22
382.34
383.94
384.16
383.99
384.37
384.03
383.95
384.23
384.21
384.56
384.72
384.87
383.9
384.04
383.16
383.5
384.47
384.33
386.25
386.89
386.81
386.53
386.55
384.23
384.38
384.5
384.23
385.14
385.85
385.57
384.76
383.65
383.2
384.08
384.92
385.22
380.94
381.49
381.18
382.1
383.78
380.53
379.56
382.16
382.29
381.58
381.72
380.78
380.49
381.15
380.19
379.69
380.09
380.03
380.98
381.52
380.85
380.04
382.18
379.55
382.29
383.54
382.93
383.04
382.73
382.64
382.34
382.1
382.01
382.06
380.86
380.72
380.24
380.74
380.02
380.86
382.08
382.56
381.46
382.59
381.9
381.59
382.35
383.61
383.22
383.57
383.98
384.47
387.1
387.76
387.64
386.36
385.26
385.18
385.82
385.92
385.81
385.84
386.23
386.31
388.08
389.38
389.88
389.84
391.79
392.45
391.68
390.88
391.71
390.79
388.59
389.63
389.79
388.68
389.29
387.73
388.57
386.58
387.1
388.31
387.45
386.36
386.01
386.82
387.84
388.29
387.05
386.27
386.08
385.81
387.13
387.5
388.82
387.41
387.32
386.63
385.98
386.49
387.09
387.01
386.97
386.5
385.32
384.86
385.31
385.19
384.31
385.61
385.35
385.4
385.11
385.76
387.08
388.07
387.38
388.21
386.87
386.53
386.83
386.61
386.62
387.06
386.25
386.84
386.39
386.8
387.19
386.74
385.99
385.96
385.79
386.31
386.43
385.18
384.53
384.76
384.47
384.26
384.35
384.73
384.47
384.32
384.26
383.79
383.61
382.6
382.07
380.93
381.51
382.31
383.1
385.2
382.86
382.42
380.63
380.33
382.82
383.59
383.04
383.4
383.09
384.05
384.41
384.62
385.16
385.39
385.71
385.48
385.68
386.28
385.86
384.09
383.26
382.96
385.4
386.61
385.27
385.33
385.91
385.83
385.43
383.96
384.31
384.91
384.11
384.27
383.8
384.68
384.02
384.61
383.72
384.61
384.1
383.24
383.08
384.06
383.22
383.21
382.66
382.36
382.24
382.26
382.68
383.99
383.43
383.53
382.66
382.2
382.18
382.45
382.38
382.4
382.26
382.01
381.67
379.84
378.65
378.45
378.58
375.12
372.49
373.07
375.1
374.63
370.68
369.3
373.2
372.85
372.52
371.21
371.4
371.94
368.65
367.04
367.21
368.4
369.15
371.06
371.39
368.16
368.36
367.44
369.57
367.62
368.79
369.78
371.44
370.1
371.8
366.85
364.97
362.65
362.94
364.84
365.72
365.13
363.94
362.4
363.47
362.31
362.97
364.29
364.76
360.34
359.3
359.91
360.33
360.08
360.99
362.55
362.89
363.3
364.41
364.38
365.38
366.18
361.68
362.37
362.53
361.59
361.07
361.44
359.88
358.31
358.38
354.4
354.79
355.43
357.48
357.66
355.87
355.32
357.65
357.54
356.8
356.85
357.4
357.13
357.15
355.7
356.03
356.45
357.82
355.55
350.45
350.87
353.67
353.55
352.32
353.24
352.33
351.92
353.45
355.49
355.42
355.93
356.27
354.5
350.04
351.65
351.76
352.52
353.43
355.97
356.94
357.62
359.49
359.7
360
362.24
359.35
358.3
358.24
357.73
358.48
358.39
359.05
360.57
362.18
362.02
359.89
356.62
355.32
356.05
360.64
359.38
358.57
358.91
359.98
360.36
360.6
361.85
362.79
362.34
360.79
361.65
360.89
359.85
359.27
360.37
361.46
361.09
360.27
360.27
359.14
359.52
359.47
358.72
358.59
358.19
357.72
358.28
359.45
359.29
359.09
359.18
359.7
358.61
357.87
358.36
359.11
358.25
356.91
356.77
356.86
356.53
356.59
356.92
356.74
357.27
358.36
357.99
358.41
358.71
358.8
358.64
357.86
355.77
352.08
352.72
353.84
355.5
356.37
355.13
355.97
357.07
357.2
356.97
357.25
356.47
356.37
356.48
357.23
358.27
358.3
358.61
358.52
358.95
358.05
357.17
356.08
356.44
352.02
348.05
349.13
345.6
344.06
344.45
342.98
344.66
344.4
342.26
342.65
343.82
342.93
342.23
342.56
345.54
347.04
347.29
346.9
345.96
344.6
343.45
344.14
345.72
345.34
345.78
345.66
344.55
343.59
343.7
343.39
345.02
347.82
351.23
351.24
349.98
349.87
352.77
352.16
350.11
348.45
347.28
348.31
348.25
348.93
349.52
349.54
348.31
348
347.62
347.55
349.53
350.12
350.28
349.93
349.53
350.39
351.48
350.93
350.57
350.86
349.89
348.25
348.17
347.12
348.47
347.95
348.58
348.1
348.94
348.81
347.08
346.55
345.55
345.14
345.01
344.85
345.55
346.2
346.99
346.92
347.24
347.97
348.96
349.89
349.51
348.82
348.55
349.6
349.81
349.38
349.18
348.23
347.75
347.84
348.9
350.17
354.84
358.43
360.99
357.98
356.83
356.51
356.95
357.76
356.58
357.28
357.72
356.84
356.85
357.67
357.96
357.27
356.69
357.54
358.91
357.56
357.48
356.78
354.85
352.88
353.15
352.93
351.15
351.69
351.5
353.12
353.29
352.34
351.96
352.36
352.44
352.88
354.02
354.52
356.47
354.31
354
355.17
355.51
355.2
355.27
354.4
353.13
353.62
354.3
354.22
353.91
355.52
355.2
355.4
354.39
354.91
355.2
355.81
355.03
355.55
354.35
353.41
353.28
354.31
355.19
354.69
354.24
354.12
354.9
354.6
355.17
354.08
354.88
354.02
353.54
354.16
354.26
354.87
356.29
355.05
354.28
353.42
354.71
353.59
353.26
352.73
350.57
351.75
352.06
351.5
350.66
350.28
349.95
350.88
352.19
352.35
350.99
351.05
350.34
350.08
352.48
354.09
353.79
353.18
354.08
354.55
353.9
353.23
354.47
356.02
357.72
355.92
355.29
355.26
356.03
356.1
355.4
355.97
355.26
353.73
353.08
353.71
354.17
355.98
356.28
356.11
356.59
356.73
356.73
356.11
356.79
356.13
356.44
355.11
355.85
356.57
355.94
356.09
355.39
355.49
355.64
355.79
355.62
355.46
355.03
352.8
352.64
351.98
351.86
353.09
353.8
352.8
352.9
352.56
352.86
352.64
354.04
350.7
352.05
350.96
350.49
351.92
353.34
352.97
352.62
352.08
351.17
351.94
352.03
352.17
351.55
351.67
352.19
352.98
352.42
352.36
353.04
353.66
353.49
354.05
353.77
354.19
351.71
352.87
352.31
351.78
352.64
352.58
352.49
352.72
354.15
354.86
354.97
355.31
356.35
355.96
356.34
355.64
355.23
355.77
356.09
356.07
356.24
356.55
356.75
356.86
356.83
356.36
356.59
356.93
356.9
356.29
356.59
356.47
354.75
355.5
353.36
354.55
354.17
354.29
355.27
354.5
355.43
354.14
354.1
353.99
354.28
354.44
354.49
354.65
353.68
353.64
353.77
354.57
354.7
353.65
353.72
356.38
355.43
355.32
355.29
355.68
355.94
356.01
356.15
356.31
356.65
355.51
354.52
355.95
356.07
355.96
355.89
354.71
354.29
354.79
355.75
355.09
354.55
354.81
354.93
353.72
353.17
353.92
353.99
352.93
353.19
351.82
350.92
351.53
351.22
351.61
352.22
353.21
354.31
353.59
353.67
352.44
352.49
353.24
352.53
353.91
352.91
352.63
352.93
353.33
354.38
354.37
354
352.78
353.18
352.25
353.13
352.3
352.94
352.74
351.99
350.24
348.06
348.27
347.86
347.13
346.33
347.51
346.47
346.48
346.8
346.56
345.09
343.35
340.5
340.16
341.74
340.47
338.94
338.75
339.21
341.18
341.86
341.85
342.57
341.45
340.36
341.31
342.84
342.51
342.52
342.25
343.37
342.45
340.94
341.58
341.64
342.42
342.83
342.06
341.84
341.85
342.07
343.28
339.42
339.13
338.72
337.02
336.81
336.98
337.15
336.76
337.95
335.21
334.69
335.17
335.09
335.71
337.54
338.11
338.76
337.96
336.89
338.01
338.52
337.35
337
336.96
336.44
337.09
337.69
338.38
338.6
337.01
336.58
336.09
336.04
335.19
335.65
336.12
335.31
335.47
336.28
336.1
337.15
338.42
339.14
340.34
339.82
338.78
338.4
339.25
337.03
336.26
336.66
337.12
338.84
338.44
338.87
339.41
339.38
339.1
337.97
336.62
337.48
337.25
335.89
335.34
335.77
334.63
334.31
335.65
336.49
335.77
335.44
335.83
336.8
337.5
337.81
338.51
339.18
338.7
338.22
336.73
335.62
335.9
336.93
336.51
335.68
336.8
337.04
342.35
343.63
345.69
349.65
346.54
346.53
347.91
347
347.51
347.8
348.93
350.42
350.09
349.63
347.06
346.66
346.22
344.5
344.73
345.8
345.58
345.63
344.13
343.88
345.83
345.47
346.63
346.98
347.21
347.03
346.79
347.46
346.34
347.04
347.01
346.5
344.59
343.6
344.27
343.35
343.28
345.18
344.65
343.84
343.63
344.52
345.57
345.76
346.07
346.42
345.78
345.29
345.29
345.44
344.11
343.79
343.85
344.27
343.85
344.1
343.47
344.35
341.15
340.36
339.71
339.12
338.15
337.93
338.44
338.11
340.51
342.01
341.23
341.53
341.9
342.55
342.43
342.63
341.94
341.55
341.31
341.49
341.92
342.65
341.8
342.6
342.77
343.01
339.57
338.79
337.87
336.48
338.53
339.67
340.55
340.2
340.85
341.13
339.92
342.69
342.18
341.54
341.05
341.36
341.6
342.52
342.12
342.47
341.66
341.37
340.26
340.02
339.38
338.53
337.96
337.16
337.59
337.7
338.02
338.53
338.79
338.99
338.08
338.78
338.89
339.08
339.2
338.3
338.66
338.36
338.83
339.31
339.34
339.28
339.34
339.1
339.19
338.73
338.89
339.07
338.83
337.8
334.68
332.68
332.69
332.47
332.31
333.51
334.42
330.87
328.68
328.84
329.5
329.89
330.62
330.92
331.53
330.54
330.62
332.02
332.26
331.13
331.89
329.26
329.77
329.38
329.78
327.87
327.31
328.17
327.51
322.75
321.97
323.7
324.39
326.77
327.43
327.71
327.52
327.08
326.47
325.59
325.88
325.57
325.29
325.99
325.47
326.36
326.6
326.63
327.01
327.51
327.37
324.77
322.99
321.15
320.72
322.51
322.93
323.08
322.86
318.93
320.74
321.43
321.82
322.01
323.62
323.81
323.62
324.52
323.77
324.39
323.89
324.33
324.52
323.78
324.7
324.98
325.7
325.53
326.11
326.06
326.76
325.5
325.79
326.71
326.49
327.17
326
325.83
326.43
326.77
327.01
327.4
327.65
328.17
328.52
328.7
327.51
326.01
325.34
326.21
325.9
323.31
323.75
324.4
324.7
324.83
324.85
324.69
324.79
323.86
324.96
325.36
326.01
326.14
324.68
323.08
322.45
321.45
321.68
320
321.48
323.63
324.1
323.09
322.55
321.25
320.41
320.94
322.34
324.89
323.74
322.72
322.72
323.74
324.68
323.71
324.35
324.48
324.57
324.89
324.98
325.67
325.96
325.58
325.82
325.89
325.89
326.05
326.45
324.95
324.87
325.28
325.64
324.98
324.78
325.66
325.73
325.56
325.49
325.29
325.26
324.78
325.15
325.5
325.7
324.34
324.69
322.5
323.95
324.39
324.7
323.73
323.96
325.78
327.61
328.41
329.12
331.16
333.43
331.65
330.28
332.24
331.82
332.3
333.55
331.79
330.34
330.14
328.94
330.16
329.39
330.09
328.58
329.61
328.88
329.21
328.86
330.19
331.43
331.45
330.04
329.47
329.38
329.93
330.64
330.25
332.18
331.01
330.37
330.44
330.19
330.21
329.36
328.17
329.17
328.6
327.71
328.62
328.36
328.4
329.09
329.8
330.27
330.38
328.72
327.42
328.98
329.84
328.58
328.1
328.47
327.7
326.9
327.44
327.91
327.66
326.82
327.21
328.05
329.86
327.15
326.69
327.32
327.41
327.35
327.6
327.93
328
328.07
328.13
328.31
328.97
328.29
327.96
326.27
327.72
327.79
327.74
327.28
326.26
325.76
325.11
325.51
326.26
326.13
326.19
325.66
325.92
325.43
325.29
327
327.87
326.99
328.58
328.12
328.69
327.75
327.45
326.9
326.68
326.32
326.24
326.53
326.56
325.51
324.59
324.27
324.63
324.77
324.24
324.38
324.54
326.27
325.89
324.28
323.33
322.34
323.55
322.53
324.11
324.88
321.84
323.05
321.91
322.48
321.84
322.8
322.78
323.52
323.66
322.87
323.6
325.02
323.89
324.49
326.68
328.91
328.41
330.21
330.47
330.39
328.66
328.38
327.89
328.58
329.02
328.95
329.39
329.56
328.33
327.21
325
326.96
328.37
329.81
330.55
330.42
329.47
330.73
330.06
330.2
329.95
328.4
329.57
330.03
328.24
326.94
327.56
327.07
327.36
327.82
327.3
327.88
328.13
327.88
328.82
328.14
329.87
329.69
329.99
332.88
337.03
336.69
336.85
335.56
335.37
334.86
335.54
334.9
333.63
333.2
333.28
334.14
335.68
335.77
335.26
334.73
334.03
333.03
333.87
333.82
334.63
334.2
334.06
331.73
329.93
330.59
330.75
332.65
333.67
335.95
336.4
333.82
334.33
335.06
334.23
336.89
338.79
339.13
338.25
338.32
338.27
338.32
337.43
338.29
336.59
336.92
337.58
337.48
337.7
337.78
337.88
338.36
338.8
339.1
339.63
340.61
340.93
342.54
342.67
342.81
341.2
340.94
341.45
341.99
339.92
338.77
340.68
341.44
340.65
341.77
342.09
342.06
339.18
340.04
341.6
342.46
341.92
341.91
342.01
341.82
341.63
341.85
342.18
343.17
343.52
341.33
339.42
339.07
339.05
339.31
339.16
340.02
338.76
338
337.68
337.48
337.1
336.72
338.07
338.55
339.48
340.78
340.75
339.41
339.59
339.06
340.02
340.92
339.98
339.22
338.01
337.92
336.62
337.56
337.01
336.8
338.2
338.19
338.8
338.8
339.92
340.88
341
340.16
339.9
338.88
338.82
339.17
339.13
339.04
338.58
339.72
339.76
338.87
339.53
339.71
339.42
340.21
340.61
339.06
338.48
340.22
340.27
339.16
338.81
339.07
339
338.96
338.64
339.36
339.1
340.15
340.93
341.46
341.02
341.63
343.66
345.72
348.75
349.62
347.74
349.1
349.92
347.6
347.17
346.56
347.74
347.96
347.6
347.42
347.58
346.8
347.48
346.21
348.01
348.14
348.72
349.44
351.27
351.52
351.05
351.71
349.38
349.58
349.75
350.84
351.25
349.79
349.83
350.57
349.97
348.75
347.21
348.02
347.55
347.23
347.13
347
347.5
348.4
348.18
348.5
348.86
347.98
348.33
348.65
348.56
348.65
348.69
348.79
350.09
350.72
350.37
350.61
351.16
350.98
351.37
350.51
351.31
351.68
350.2
347.4
346.43
346.85
347.06
347.55
348.55
347.71
347.7
346.27
346.8
346.64
342.89
343.47
343.18
344.32
344.41
344.76
344.88
344.29
344.63
345.72
345.42
345.7
345.4
344.86
345.52
344.39
345.02
345.15
344.17
344.95
344.85
344.09
343.09
343.19
342.04
342.13
341.37
341.09
341.11
341.5
342.06
341.7
341.48
341.96
341.98
342.22
343.07
343.32
342.77
343.18
342.86
343.14
344.4
344.31
343.32
342.87
342.41
342.48
342.03
341.53
342.29
341.97
342
342.32
342.28
342.32
342.74
342.18
342.44
343.67
343.6
343.08
341.37
342.88
343.75
343.88
344.51
344.78
345.11
346
345.85
345.38
346.12
346.21
345.26
344.6
344.89
343.17
343.02
344.07
343.41
343.04
342.65
342.72
343.51
342.59
342.22
343.6
342.31
342.72
342.4
342.47
343.28
342.2
342.24
342.7
343.15
342.32
343.08
343.12
343.19
341.91
342.79
342.71
342.29
342.41
341.93
342.46
342.2
341.82
342.55
341.97
341.56
342.34
342.45
342.83
342.94
342.92
342.95
342.98
343.43
343.32
343.42
343.87
345.06
345.45
345.08
344.78
344.29
345.33
344.87
344.91
345.23
345.43
345.26
344.1
343.16
342.96
342.95
343.42
344.15
344.33
344.63
345.05
345.67
346.53
347.02
346.55
346.24
346.34
345.59
345.36
345.29
345.1
345.93
345.69
345.4
345.32
345.55
345.9
345.04
344.51
344.5
344.85
344.49
344.79
343.96
344.45
343.87
343.85
344.29
345.11
345.76
345.4
345.48
343.95
343.73
343.71
343.62
343.86
345.33
346.13
346.99
348.38
349.56
349.63
350.53
349.72
348.26
349.3
349.89
350.55
350.14
349.26
350.66
350.31
350.78
350.46
350.91
350.32
349.2
348.74
348.02
348.97
348.33
349.71
352.77
357.77
356.77
356.33
355.31
355.08
354.48
355.83
357.4
356.77
357.96
357.37
357.22
356.2
357
356.64
356.4
356.88
356.45
355.99
356.59
356.42
357.6
357.85
358.14
358.07
360.59
359.8
359.73
360.04
358.9
358.39
358.26
359.62
360.06
360.59
360.84
361.94
363.97
365.78
365.18
364.44
363.88
363.42
363.05
360.7
361.56
359.49
358.25
358.63
358.5
358.24
358.09
358.72
360.07
359.5
359.09
359.26
360.16
360.89
360.32
360.26
360.52
360.58
360.3
358.74
359.15
358.72
360.92
361.4
361.82
361.31
360.83
363.68
367.42
365.55
364.02
360.78
360.93
362.67
363.01
362.99
364.35
364.97
368.38
369.51
371.38
371.84
371.38
374.19
374.56
370.87
371.82
370.34
373.05
372.15
371.48
371.4
371.49
372.01
374.63
374.69
374.98
376.32
374.25
374.8
373.13
373.07
374.38
373.67
374.06
375.13
375.27
375.72
375.9
373.87
374.34
373.58
372.6
371.59
371.84
373.48
372.63
370.92
370.49
370.33
369.24
369.38
366.56
365.13
366.98
368.66
369.36
365.98
366.68
365.75
365.71
365.36
366.32
367.71
369.23
370.36
370.36
370.51
370.64
369.65
367.7
368.26
369.02
369.16
368.78
367.6
368.33
369.23
370.57
370.77
369.71
370.23
370.02
369.41
367.86
369.45
369.97
370.22
370.27
369.72
370.87
370.87
370.64
368.98
368.84
368.29
368.08
366.34
366.28
368.16
367.42
368.15
367.29
368.26
369.01
368.77
369.7
368.84
368.23
367.07
366.38
366.6
367.2
364.73
363.76
363.94
363.33
361.79
361.29
361.98
362.93
364.55
365.87
365.21
365.65
365.53
365.23
365.75
365.29
364.25
365.33
365.8
365.91
366.33
366.18
365.63
365.3
365.19
366.69
366.95
366.97
366.83
366.67
367.78
367.44
368.45
367.49
367.76
368.25
368.82
369.1
368.27
368.9
368.68
368.47
368.49
370.05
370.83
371.32
371.89
371.67
371.91
371.25
371.96
372.89
374.42
376.74
376.69
377.13
379.09
380.43
378.63
377.96
378.2
380.37
381.75
385.08
387.14
383.39
382.19
382.28
382.39
384.75
384.56
382.42
383.56
384.42
383.55
381.61
380.69
381.11
381.33
379.09
378.61
378.62
379.78
382.22
381.74
381.83
385.23
389.42
390.05
389.71
390.37
391.25
392.96
395.7
393.01
393.45
394.83
395.71
397.58
398.12
397.1
397.43
395.03
398.34
400.66
399.82
400.71
401.51
403.03
407.8
406.82
409.68
407.53
408.82
415.39
424.9
428.03
429.12
417.73
417.56
415.36
417.99
421.37
420.79
421.96
427.05
424.89
424.2
425.61
425.57
428.08
427.03
425.22
422.89
417.84
419.75
419.23
417.16
419.34
421.62
425.68
427.96
428.63
424.12
427.11
428.13
427.63
428.02
428.36
428.99
431.24
435.53
433.68
437.35
438.34
438.96
440.64
443.73
445.16
447.58
450.64
447.24
444.35
446.35
448.7
451.42
453.36
450.27
442.85
444.46
445
444.87
442.71
444.47
444.77
444.12
440.53
434.23
424.7
415.42
420.35
425.3
417.98
415.17
416.33
417.78
421.1
423.11
427.33
430.16
433.02
427.1
427.82
426.48
429.21
430.54
426.44
425.5
430.86
434.93
437.52
438.52
437.91
431.72
431.01
429.51
430.83
426.15
425.12
419.06
414.95
406.52
407.97
406.17
402.41
391.87
395.42
399.17
404.73
402.07
402.6
409.91
413.56
408.67
405.2
406.73
405.14
404.02
407.22
412
414.22
417.26
419.71
422.39
418.05
418.68
417.66
413.41
413.65
407.74
409.88
413.2
412.59
406.21
402.76
399.13
398.44
394.79
391.29
389.78
393.9
391.8
393.32
391.11
391.44
393.94
394.39
394.02
393.36
392.59
391.23
394.86
396.2
396.03
399.34
399.63
399.36
398.11
396.16
391.25
390.13
388.97
386.8
384.82
387.97
390.33
394.07
393.29
393.31
399.38
398.23
396.5
395.87
396.81
396.97
401.21
404.07
410.08
406.03
407.97
410.14
406.83
405.31
402.65
401.24
400.31
398.36
396.95
397.98
399.69
396.97
391.04
392.61
394.34
393.84
395.57
395.98
395.98
397.11
395.46
396.16
397.85
398.34
397.7
396.38
394.41
394.48
395.2
394.41
395.64
392.98
393.33
394
397.08
400.14
399.57
398.7
398.89
399.74
398.37
398.39
398.81
401.74
405.53
405.99
404.01
402.86
395.5
397
397.6
397.53
389.22
389.69
392.38
393.76
393.56
394.69
396.59
397.38
396.79
396.44
395.93
396.26
397.14
395.16
395.75
395.31
395.53
394.48
394.84
397.87
397.27
397.98
396.87
398.38
397.76
396.03
393.82
394.95
393.68
393.38
391.87
392.33
392.74
394.14
390.65
391.09
391.03
391.06
390.65
390.43
390.74
389.2
388.46
387.82
389.63
389.04
383.16
382.95
379.08
377.48
374.17
374.34
376.52
377.41
379.06
379.51
374.42
375.6
374.41
370.68
370.58
371.73
370.12
372.13
373.77
375.03
375.13
372.5
373.85
374.68
375.06
375.24
376.07
378.04
377.78
377.49
378.95
376.72
378.93
380.43
382.46
378.64
377.23
378.82
380.02
378.85
377.47
375.21
375.15
376.04
375.64
376.94
376.91
378.78
378.56
378.97
378.2
376.76
378.16
379.43
378.54
377.71
378.17
378.6
378.92
380.17
380.73
381.78
383.39
383.17
384.97
386.53
387.07
387.86
387.65
385.84
388.54
390.11
391.28
393.98
392.97
387.2
387.48
387.93
387.97
390.39
387.22
385.59
384.09
386.18
385.5
386.82
388.49
390.64
389.35
389.18
388.11
387.93
389.41
389.57
388.82
388.03
387.39
384.7
383.8
383.2
382.07
385.22
382.36
381
383.18
384.38
384.06
381.23
383.22
381.99
383.26
382.92
382.86
383.26
381.7
383.24
384.07
385.64
389.3
387.62
388
389.38
386.58
387.8
387.36
385.09
388.69
387.49
389.34
388.08
386.9
387.62
388.69
388.82
388
388.43
389.83
390.78
393.47
397.14
399.36
398.87
399.28
396.97
399.01
401.62
405.39
406.27
404.89
402.83
401.7
404.53
402.69
402.25
400.59
397.47
398.97
400.04
399.71
404.34
403.47
403.69
402.55
399.68
402.21
403.6
402.87
400.44
398.72
401.94
402.77
404.65
407.91
409.78
413.49
412.43
409.13
409.73
409.59
408.65
409.36
408.72
409.01
413.2
411.28
410.66
406.87
404.62
402.39
400.89
401.1
401.19
402.1
405.5
399.19
396.75
398.67
402.27
401.33
399.09
400.39
400.8
400.13
399.98
399.55
396.63
392.65
385.09
379.71
378.89
380.1
383.18
382.8
382.4
383.37
382.45
384.61
385.27
385.95
386.87
388.2
386.51
385.64
387.33
386.59
384.67
385.55
385.53
389.33
389.03
388.44
387.62
388.67
389.89
392.33
393.54
392.28
389.33
389.31
389.45
388.56
388.55
390.45
389.54
385.07
385.12
384.87
386.69
387.36
390.18
389.5
388.03
388.48
389.06
389.43
389.39
389.38
388.98
387.95
387.58
389.1
390.54
390.59
390.54
390.72
390.08
388.61
381.58
383.47
385.79
384.75
385.58
385.3
383.31
377.21
376.63
375.44
373.34
374.13
375.81
378.03
378.17
378.95
377.84
380.51
375.49
375.98
375.02
373.5
374.71
376.78
375.71
379.79
380.32
379.14
378.59
379.38
377.4
376.22
375.74
375.81
376.48
378.68
379.23
379.17
378.67
378.64
378.9
379.14
378.88
379.9
381.19
381.47
381.09
381.44
374.98
376.42
378.41
377.81
377.35
378.37
378.16
378.15
378.3
378.16
376.45
376.58
375.24
375.1
