393.64
393.81
398.27
407.38
412.92
411.11
414.1
416.36
414.37
413.18
418.51
423.98
418.64
416.52
416.86
418.93
427.57
417.71
412.92
407.89
409.76
409.38
410.2
411.94
410.65
411.6
411
412.09
405.62
403.1
398.52
398.49
402.42
401.12
399.4
398.67
402.27
401.11
406.23
407.47
404.21
404.97
406.26
404.16
399.42
395.06
397.24
400.09
399.48
397.87
402.09
403.81
404.85
407.56
408.29
402.54
400.81
403.15
404.07
404.22
404.15
401.54
399.49
402.25
399.77
400.92
400.95
402
401.99
403.94
401.06
398.9
401.1
403.45
401.75
401.39
402.91
403.5
402.56
401.02
399.75
396.56
396.45
396.6
398.37
398.25
398.88
400.17
396.69
404.67
432.16
439.36
442.5
446.38
437.89
439.17
438.73
437.83
438.62
432.39
429.84
432.12
427.29
424.64
422.06
421.84
421.18
425.55
426.41
432.43
433.5
431.75
432.55
432.12
429.42
428.96
428.27
427.76
426.21
423.39
422.63
418.75
416.74
416.64
419.91
415.59
408.58
408.9
410.13
407.61
412.23
408.99
408.11
409.54
412.76
414.02
410.79
409.99
407.96
408.88
408.7
410.46
412.48
409.13
412.5
413.35
409.5
410.17
408.74
411.19
408.52
405.82
401.89
403.86
401.68
399.35
398.8
403.51
398.65
402.9
403.28
405.15
404.56
405.31
407.07
407.75
407.82
406.8
403.16
400.29
403.54
405.54
406.66
405.04
407.74
405.7
406.23
406.4
404.88
405.13
404.65
405.11
406.25
401.28
400.63
399.16
401.04
399.76
399.09
401.11
401.63
401.01
400.89
402.82
401.4
402.56
400.46
400.69
399.6
399.7
400.13
398.92
398.65
398.81
394.55
394.19
393.16
390.04
389.45
382.08
381
380.59
381.78
374.61
378.15
376.09
375.85
380.2
383.25
382.13
379.41
380.16
372.26
372.2
374.29
379.67
377.75
375.01
381.21
381.52
381.02
380.91
383.7
383.48
377.86
376.34
372.42
376.22
370.72
372.33
374.71
373.5
374.09
375.85
376.63
377.25
376.09
374.26
375.23
376.19
375.84
377.03
379.49
379.44
378.27
383.29
383.68
382.9
383.99
387.32
393.31
388.58
392.23
392.06
388.88
387.87
388.25
390.49
391.52
391.62
387.89
386.55
385.64
383.78
384.27
381.17
380.11
380.38
385.25
384.97
381.02
385.28
385.48
384.9
384.46
384.8
383.72
383.3
384.1
382.46
384.22
385.27
383.94
384.17
383.19
380.9
380.07
379.46
379.78
380.51
379.63
377.72
374.97
376.56
376.33
375.33
376.57
377.02
377.03
375.17
373.05
374.95
373.29
373.6
372.66
374.23
375.66
376.56
377.05
376.38
377.36
376.33
375.93
371.62
369.51
366.64
364.08
368.82
362.73
364.02
362.01
361.26
359.74
357.67
357.31
356.02
357.41
357.93
361.48
362.57
364.54
362.34
358.32
358.66
354.49
351.87
352.79
351.58
348.3
347.47
348.05
345.98
337.86
335.59
336.77
331
326.89
328.07
330.25
328.6
328.79
330.25
334.54
335.7
337.86
334.97
331.11
326.57
319.25
313.93
309.42
304.57
310.95
311.85
312.15
295.46
286.59
292.81
300.61
309.89
308.03
301.58
306.63
325.24
312.26
300.23
300
299.99
299.63
299.99
300
304.83
314.53
323.74
323.77
318.86
322.81
324.09
330.02
340.02
340.11
339.4
330.61
330.74
331.27
330.82
329.73
325.56
328.94
330.73
333.6
335.3
335.54
336.34
326.93
322.42
320.23
324.66
318.42
317.04
323.75
327.61
329.07
325.98
329.44
330.13
330.85
327.9
329.53
330.92
330.4
332.96
331.64
332
331.97
329.56
328.12
328.64
330.2
332.26
338.07
337.16
344.21
338.16
338.62
339.32
344.75
348.42
350.27
344.38
346.48
345.78
349.6
350.44
352.51
355.3
357.86
356.76
355.98
355.35
353.44
352.57
359.06
362.01
364.37
366.66
367.04
369.24
374.24
370.63
383.84
383.71
383.78
375.53
377.36
374.58
367.57
354.38
360.56
361.52
365.85
364.34
365.79
369.34
367.74
373.11
373.17
371.8
365.93
363.42
363.95
365.55
361.53
359.5
355.76
356.84
357.79
359.43
357.27
357.84
358.46
358.58
359.08
359.69
358.34
363
364.82
360.08
364.04
363.25
364.36
362.85
359.57
358.33
354.43
354.23
356.59
356.63
354.15
354.87
358.27
360.8
359.83
362.73
363.34
362.98
361.69
364.32
363.66
361.73
361.1
361.56
362.19
361.64
360.93
360.91
359.99
356.46
357.07
356.11
359.63
360.3
361.86
363.99
364.23
362.11
370.9
371.72
373.26
377.05
381.07
378.35
375.2
373.97
375.39
375.79
370.98
368.77
369.21
374.51
379.77
380.16
378.93
381.5
379.9
379.09
383.45
378.28
377.17
381.25
381.32
384.07
387.98
393.35
398.31
393.78
394.19
395.81
394.51
396.52
399.16
408.29
411.24
404.02
406.81
406.47
402.21
403.55
404.41
402.63
398.86
402.09
401.56
410.43
410.51
412.44
408.75
408.71
401.55
403.47
402.79
398.71
395.59
397.31
400.72
395.97
397.85
393.4
389.54
390.27
390.78
396.35
398.74
397.36
395.01
390.1
389.58
393.12
393.22
391.05
391.69
393.78
392.84
394.63
397.02
396.82
395.52
395.78
395.33
393.68
392.04
390.3
393.81
395.39
394.77
383.92
383.58
381.11
376.48
380.91
382.1
378.55
374.89
373.08
382.14
381.93
382.7
382.67
381.33
381.55
381.76
380.14
379.37
382.41
383.66
382.73
379.58
378.03
376.35
374.64
376.55
377.85
375.54
377.06
377.87
381.38
383.4
380.89
381.1
382.55
382.83
383.04
379.34
377.59
377.57
380.46
379.28
379.83
378.69
379.22
379.7
382.79
383.44
383.24
386.87
390.62
390.72
393.3
392.37
391.62
389.12
391.07
393.8
395.23
392
392.12
390.19
389.88
389.65
392.45
391.87
391.42
391.53
392.61
393.06
389
387.65
385.59
386.48
388.12
389.98
391.61
390.48
388.69
389.84
389.07
387.82
387.45
389.82
388.57
388.46
387.16
383.53
384.81
379.28
380.35
382.79
380.21
378.53
381.51
383.29
382.61
383.94
384.15
384.57
383.69
385.72
385.68
384.45
385.2
384.18
381.17
380.13
381.66
380.31
380.37
379.9
382.73
382.45
380.89
380.39
382.03
382.36
384.25
387.15
385.5
386.05
388.48
391.59
390.73
388.48
387.25
386.66
387.43
386.79
388.43
386.6
385.19
384.57
385.51
387.51
386.72
386.65
386.93
386.07
385.15
384.47
384.02
382.2
383.64
381.06
383.07
383.46
385.36
385.11
386.07
385.5
384.24
384.15
384.33
383.56
382.7
382.75
382.59
382.35
380
375.91
373.8
371.11
371.34
367.82
370.11
368
370.56
365.9
364.21
362.77
360.94
359.9
362.09
364.87
361.83
359.38
355.24
357.02
357.22
356.7
356.42
350.75
352.36
354.38
350.65
354.66
358.82
360.1
358.12
361.28
357.25
360.08
360.97
362.08
360.29
360.79
359.38
358
359.35
358.55
358.02
356.66
357.5
358.63
353.67
354.76
356.92
357
357.59
358.48
349.56
345.18
343.87
343.07
345.33
344.95
345.17
344.25
348.68
352.15
348.7
348.71
348.61
349.44
350.72
350.42
348.24
348.39
346.42
345.11
346.65
348.98
349.01
348.32
354.26
359.45
356.83
357.35
357.33
357.87
354.14
351.67
352.59
352.86
355.54
355.35
354.07
355.09
354.75
354.89
353.68
354.45
354.73
353.9
355.36
353.61
351.97
350.33
351.62
351.16
353.95
354.03
356.59
355.73
354.37
355.18
356.58
356.37
355.79
355.66
355.39
352.47
353.14
353.28
351.07
352.8
351.84
351.89
352.57
353.77
351.96
352.35
354.26
355.62
355.59
356.36
356.66
356.66
355
354.42
354.51
354.24
353.83
354.22
356.12
355.96
355.98
355.92
354.85
354.76
353.76
351.78
351.57
353.75
352.57
353.4
354.17
352.75
352.24
349.27
346.77
345.57
340.88
339.06
341.6
341.72
342.66
341.74
342.33
340.38
337.88
337.07
335.12
337.54
337.64
336.73
338.27
336.39
335.38
336.02
340.01
337.66
337.1
338.85
337.47
335.92
334.84
335.61
338.21
337.15
336.04
342.08
347.25
347.63
349.34
346.63
345.18
344.09
347.01
346.79
345.43
344.66
344.23
345.84
345.54
344
343.88
340.68
338.06
341.42
342.38
341.5
342.35
339.94
337.42
340.71
341.8
342.1
342.03
339.6
337.59
338.54
338.6
338.41
339.09
339.06
338.24
333.78
331.23
328.93
330.86
331.73
329.57
327.81
322.71
326.58
326.15
325.65
326.2
325.86
321.79
319.93
321.35
323.68
324.05
324.69
325.82
326.43
326.62
326.94
328.28
326.79
323.88
324.81
324.78
324.13
320.18
322.21
321.12
322.95
323.73
324.59
325.7
325.95
325.43
325.47
325.56
325.13
324.49
324.02
327.26
331.59
331.9
331.95
329.24
328.88
330.61
329.5
331.14
330.33
328.88
328.21
329.93
329.08
327.96
327.49
328.45
327.1
327.65
328.59
327.24
327.07
325.47
326.02
326.05
328.19
327.26
326.37
324.53
324.44
324.62
322.84
321.97
322.6
323.37
325.83
329.69
328.84
329.18
327.36
328.91
330.13
329.9
328.02
327.36
328.1
329.8
335.56
335.45
333.68
335.39
333.56
334.04
330.84
335.58
334.07
338.71
338.05
337.05
337.75
338.85
341.93
341.46
340.37
341.15
339.83
342.21
341.92
341.57
339.1
338.39
337.33
339.81
339.34
339.21
336.89
338.25
340.39
339.26
338.76
339.41
339.76
339.25
339.02
339.07
340.95
346.28
349.41
347.3
347.67
347.07
350.13
350.77
350.81
350.14
347.66
347.17
348.66
348.5
348.96
350.74
351.09
347.64
347.96
346.8
343.02
344.63
345.17
345.19
344.69
343.97
341.99
341.54
341.84
342.83
343.99
343.36
341.88
342.07
342.33
342.04
343.41
345.18
345.79
343.48
343.31
342.44
342.67
342.67
342.64
342.04
342.15
342.26
341.84
342.9
343.3
345.05
344.77
345.03
343.36
344.15
346.51
345.98
345.45
345.51
344.52
344.07
343.99
345.29
343.74
345.01
349.17
349.34
350.59
350.68
349.1
351.58
357.4
356.19
357.31
356.6
356.1
357.68
360.35
359.13
360.47
364.58
363.7
359.89
358.27
359.12
360.07
360.32
359.8
361.32
365.94
361.45
366.98
370.96
372.77
371.4
373.57
374.99
374.3
374.01
375.08
372.03
371.84
367.26
366.41
366.03
368.24
370.45
368.61
368.47
369.96
368.21
369.86
370.57
368.77
366.55
368.33
368.61
366.87
364.07
361.99
365.28
365.41
365.21
366.21
366.19
367.43
367.9
368.78
369.19
371.25
372.41
375.7
378.84
382.64
384.97
383.59
383.43
379.76
381.16
386.02
390.45
394.43
397.43
397.31
400.71
407.16
418.86
422.77
419.11
425.09
426.67
420.71
420.22
425.93
427.7
432.12
437.58
444.1
448.17
450.87
443.95
444.5
425.14
421.01
418.99
428.56
428.09
431.68
435.48
428.32
412.24
397.96
398.81
408.73
405.19
412.21
419.71
411.37
408.9
399.21
391.52
392.13
393.54
395.53
399.37
391.39
387.17
396.06
397.02
406.96
407.96
402.34
398.5
392.42
395.5
397.16
396.36
394.83
394.78
399.71
399.1
403.92
397.46
389.77
394.45
396.6
395.51
394.75
397.8
395.61
392.96
391.35
390.84
389.18
384.53
378.15
376.17
374.72
370.66
373.93
374.11
376.95
378.01
379.7
378.49
375.3
377.83
378.58
379.11
379.65
382.92
387.06
389.18
390.89
387.81
385.16
389.42
388.82
387.84
383.69
383.65
381.96
382.44
382.07
388.61
387.46
385.76
388.35
388.88
396.21
398.22
403.43
402.56
399.38
402.88
400.63
400.41
406.42
411.73
409.21
412.08
405.3
401.13
399.85
400.79
400.26
387.26
381.17
383.41
387.27
386.77
388.36
388.52
390.97
389.24
386.26
385.62
389.78
389.32
388.34
390.62
382.01
385.58
376.83
374.52
379.46
375.18
377.15
379.51
376.52
378.46
378.95
380.61
375.95
378.03
378.17
376.81
