590.17
595.33
599.11
600.6
598.45
602.97
601.18
603.43
604.41
603.28
600.3
602.46
599.8
599.43
600.04
597.05
598.2
597.48
596.25
594.76
597.81
599.41
598.59
598.54
599.04
598.62
596.72
592.34
590.55
594.15
593.55
588.44
586.75
583.2
583.6
587.7
584.37
585
588.27
588.53
588.81
589
589.6
588.5
586.79
586.73
587.65
587.73
586.22
585.68
584.21
585.72
583.76
583.71
584.19
585.5
585.87
586.93
586.4
586.77
585.72
587.05
586.06
585.99
585.41
585.39
584.72
585.77
584.51
581.66
576.93
577.06
575.6
576.75
572.69
573.51
575.32
572.88
573
569.91
570.49
567.52
565.44
560.09
559.77
559.47
565.98
567.96
563.64
566.99
567.13
569.67
570.16
562.33
558.01
558.92
560.01
564.76
568.9
571.44
569.38
569.5
565.33
562.75
569.19
569.59
567.24
567.92
566.26
566.96
571.31
569.23
569.79
570.62
568.57
570.55
571.37
573.13
574.49
578.33
582.7
580.38
579.36
584.31
578.88
578.57
580.94
577.6
578.48
580.34
582.21
583.77
585.66
587.58
589.53
588.61
587.42
588.19
588.8
588.34
579.84
579.42
592.52
598.37
596.33
599.36
599.43
599.12
597.99
597.01
596.56
596.37
596.08
596.39
594.95
600.84
599.11
593.67
593.7
596.7
595.54
597.25
596.92
595.06
595.86
596.1
595.84
591.88
591.81
594.73
598.71
600.27
598.04
598.73
595.95
596.45
595.27
596.45
594.47
592.87
593.62
591.4
593.71
594.44
594.5
595.4
595.48
594.3
595.32
595.71
598.61
598.9
597.75
599.94
599.22
598.39
599.12
607.99
624.34
629.06
633.02
628.81
623.84
629.55
622.27
614.53
620.53
621.2
622.85
621.52
621.96
635.66
642.22
642.43
640.54
638.23
642.74
643.93
642.38
643.25
646.48
640.98
647.81
649.51
648.36
647.67
643.53
642.92
652.43
653.26
655.6
655.02
653.37
654.04
655.71
653.8
645.83
646.13
647.4
641.39
640.55
639.08
641.93
641.21
642.07
643.12
644.21
645.35
643.57
645.81
645.36
644.77
645.59
646
655.55
654.55
653.52
655.95
654.91
655.4
648.21
648.45
649.35
650.34
648.37
644.01
644.89
647.13
644.94
645.92
647.2
648.2
648.72
648.53
649.55
650.49
650.57
651.22
644.25
645.99
645.81
647
640.69
641.28
641.79
642.37
646.53
647.45
647.88
648.64
648.82
649.68
649.16
645.94
641.19
638.26
639.13
642.26
627.78
623.21
625.17
634.14
630.51
633.47
631.73
634.03
634.27
633.08
634.04
631.75
631.81
627.12
628.02
631.53
630.91
631.87
631.19
630.65
626.36
628.47
628.9
629.62
629.07
629.78
630.76
631.12
631.93
631.95
631.97
631.64
630.43
629.98
627.69
625.51
629.55
630.32
632.06
634.72
633.73
632.91
626.1
631.38
634.62
632.48
628.46
631.39
629.2
631.56
632.14
630.75
633.02
634.62
634.24
633.6
634.67
635.96
635.38
629.44
632.18
631.67
629.1
632.29
633.03
634.85
634.1
635.47
629.53
628.32
631.63
627.94
628.33
627.89
625.02
621.32
621.17
618.93
615.9
620.44
622.32
626.72
624.76
619.95
623.2
625.28
623.62
621.69
622.3
624.85
622.39
625.21
621.4
617.73
619.88
620.23
619.97
620.89
619.5
619.87
621.88
622.28
621.69
622.72
624.44
624.78
624.61
623.51
624.54
625.5
625.46
626.21
624.32
623.95
620.86
620.98
621.68
620.19
622.23
620.05
619.43
620.53
621.62
622.73
624.5
624.26
624.36
623.96
624.25
623.77
624.07
624.08
623.64
620.79
622.66
620.72
620.13
621.03
621.68
621.94
620.04
615.75
611.85
613.53
610.79
611.62
610.04
609.77
613.95
611.11
616.68
619.65
620.11
616.19
618.19
618.67
619.24
615.87
616.69
616.38
617.79
618.9
619.74
617.22
615.94
618.24
619.05
619.59
623.94
627.53
629.16
628.73
627.96
628.51
629.91
628.21
633.94
632.56
634.13
632.31
633.91
634.91
634.76
638.71
636.58
635.6
633.89
634.59
638.6
635.08
630.88
632.83
631.5
630.96
630.44
632.62
631.37
629.61
631.07
633.55
633.52
632.7
635.36
636.55
636.96
637.24
636.03
630.68
631.06
630.16
631.29
635.24
631.65
631.43
631.06
634.43
637.7
637.06
635.87
635.23
635.58
631.45
628.06
627.76
629.39
630.09
627.26
629.81
629.89
630.5
627.6
629.23
627.33
624.41
623.83
624.9
625.07
622.45
624.66
622.64
622.11
621.52
620.43
619.31
620.08
621.36
622.59
621.65
623.23
621.9
621.83
621.52
618.21
620.95
620.84
621.23
620.23
621.65
622.94
621.93
622.36
622.01
623.2
623.87
618.93
621.88
622.41
623.35
624.28
624.5
622.27
622.56
624.09
623.04
623.89
619.39
621.11
623.32
623.48
623.44
623.58
622
620.32
619.9
618.93
621
621.05
616.39
618.08
616.69
614.25
616.57
617.99
618.08
617.42
619.1
620.08
621.02
613.2
616.84
616.03
616.54
616.31
616.79
616.88
616.87
616.57
613.28
612.71
614.5
611.61
611.34
615.51
615.85
616.99
617.9
624.4
626.96
627.22
625.34
624.16
623.11
624.14
624.49
623.27
623.98
624.46
623.71
625.46
626.76
624.04
622.61
622.72
623.63
624.79
625.39
623.87
624.08
621.94
621.83
620.62
621.84
627.05
629.66
628.9
627.69
629.69
629.89
631.51
626.65
630.5
628.17
627.23
627.96
627.86
629.49
628.31
628.39
626.03
627.55
627.82
628.38
629.55
628.4
629.38
629.44
629.93
630.37
631.08
630.21
630.3
630.37
629.59
627.13
624.85
625.77
626.04
628.09
627.31
623.83
623.36
623.57
624.64
625.49
624.45
623.86
622.8
620.65
620.83
622.14
623.38
623.6
623.93
623.89
623.55
624.36
625.7
625.42
622.19
620.9
620.73
620.94
621.57
621.34
619.91
618.52
619.6
621.41
617.14
620.63
618.63
621.69
621.25
619.59
618.06
621.03
621.05
620.94
621.59
621.3
620.78
622.09
619.75
622.66
623.84
624.38
623.21
622.66
622.72
622.2
622.53
623.39
624.34
622.08
622.09
624.07
623.93
623.32
623.93
622.44
620.45
621.75
620.91
619.34
619.53
619.81
619.08
620.25
620.82
619.63
620.8
619.78
619.55
620.84
620.7
619.44
619.72
621.45
621.4
621.82
622.26
622.59
621.5
622.09
618.06
620.52
621.57
621.82
619.65
621.33
619.72
620.9
620.04
620.25
621.25
620.32
618.79
619.58
615.69
614.47
610.15
605.44
597.17
601.31
603.1
603.13
602.6
600.76
597.38
602.09
602.99
604.09
603.51
604.3
601.64
603.13
604.8
607.39
606.64
604.09
596.24
598.33
600.51
598.7
595.93
599.55
600.54
601.85
601.72
601.61
602.63
600.75
601.5
598.32
599.53
600.8
601.92
601.37
600.21
599.75
599.78
593.22
592.21
593.06
593.77
591.31
592.91
590.36
594.79
595.82
596.25
596.48
592.08
592.42
591.92
595.83
596.33
596.77
596.86
595.42
596.08
597.83
600.95
596.14
595.55
596.93
596.19
597.89
598.2
598.37
594.71
592.69
594.75
592.77
594.53
595.07
593.02
592.05
590.85
590.48
594.48
594.79
593.82
593.5
592.05
593.83
594.08
588.3
584.91
584.38
579.83
580.12
580.99
579.78
581.25
583.13
580.75
576.35
573.45
578.89
581.17
581.36
586.31
587.83
592.07
591.68
590.66
590.67
588.26
586.6
583.8
582.95
587.78
589.93
589.73
586.83
584.75
587.92
585.57
583.43
582.29
580.32
582.42
581.12
580.83
579.09
581.62
582.62
583.67
583.55
582.16
584.89
584.01
582.19
585.53
583.45
584.65
585.14
583.94
583.18
581.84
583.26
579.01
573.47
570.82
570.79
574.19
577.4
576.81
575.99
573.78
571.74
569.09
564.83
563.69
560.23
561.39
558.44
558.42
562.14
564.71
566.77
571.48
563.83
566.94
571.8
570.72
566.82
570.93
572.92
577.18
585.27
586.27
585.65
587.07
584.9
587.8
587.07
583.96
586.35
585.8
583.79
586.2
586.8
584.96
584.15
583.74
584.52
586.65
587.43
591.38
593.75
593.55
596.7
591.2
591.26
599.62
602.85
601.38
599.03
598.56
596.83
599.71
599.95
597.5
595.25
594.57
593.61
596.29
594.81
597.28
595.6
594.28
592.1
593.71
591.14
592.33
590.1
586.96
589.39
585.83
590.5
591.3
591.82
592.96
593.39
592.88
593.62
590.85
588.71
587.59
584.49
582.15
582.09
584.57
580.58
579.94
582.41
583.66
579.31
580.14
582.76
582.95
583.44
588.71
589.8
588.11
588.8
586.36
586.81
587.98
586.3
586.2
588.52
587.57
587.48
586.39
586.81
586.81
586.81
587.25
586.69
583.92
583.67
584.29
585.6
589.25
592.47
592.3
591.8
591.58
587.96
585.82
586.99
586.4
587.92
587.85
588.68
588.37
588.52
585.35
585
587.9
583.73
582.76
583.58
584.77
582.9
582.22
580.99
580.06
582.18
581.35
580.85
580.55
579.99
580.89
579.31
579.57
580.68
580.98
582.46
584.53
584.44
582.09
582.18
581.88
580.71
580.98
579.29
578.83
578.45
577.69
577.83
578.48
580.06
582
584.41
583.29
581.11
581.22
579.61
581.35
583.01
581.71
582.79
581.62
582.28
582.82
582.86
582.25
580.7
580.51
581.29
579.79
580.36
581.27
582.21
582.26
583.81
586.44
587.12
587.54
588.53
588.91
590.17
589.93
588.42
585.88
586.43
589.99
593.26
592.43
591.1
591.75
591.94
590.86
589.84
591.07
587.43
587.71
587.4
588.56
592.16
590.8
591.57
590.17
588.4
590.07
591.02
591.1
590.64
588.61
587.31
586.76
586.9
586.67
588.39
588.36
585.83
587.14
586.78
588.3
588.52
587.1
585.98
585.91
587.02
588.15
587.83
587.05
588.16
587.98
589.85
590.16
590.35
588.96
589.06
588.82
587.56
587.15
588.13
587.54
587.23
587.88
587.66
588.82
591.3
595.11
594.45
592.76
592.05
591.35
588.88
588.03
588.02
587.1
586.68
586.56
586.72
588.58
589.44
589.44
590.56
590.49
589.68
588.89
588.35
588.29
587.79
587.68
587.65
587.7
587.94
588.16
586.85
585.62
583.68
577.54
578.29
580.15
575.5
573.3
573.83
573.26
571.42
570.47
570.17
568.66
567.17
568.3
570.9
570.55
565.29
563.96
564.42
563.1
566.92
568.91
567.73
567.69
568.83
569.68
570.89
570.4
570.5
569.54
567.84
568.18
571
569.47
567.24
568.64
561.59
558.02
559.04
557.13
557.58
556.25
550.22
551.64
535.78
530.2
547.32
544.82
538.82
538.25
547.57
545.66
543.23
542.85
546.53
548.73
544.25
537.1
535.99
535.9
537.07
534.89
531.94
521.5
512.27
509.6
514.05
511.23
513.29
510.59
502.64
507.39
516.61
519.86
520.75
514.89
514.82
509.2
509.94
506.83
511.5
517.57
517.65
513.4
517.73
513.33
512.42
517.73
516.85
511.31
506.57
506.84
507.03
509.73
513.33
508.18
492.24
495
495.25
496.23
495.68
500.45
501.16
503.18
498.32
495.93
495.03
490.7
494.07
491.99
492.87
493.04
487.64
486.45
491.09
499.31
508.5
511.03
504.17
502.33
510.71
509.63
510.11
511.26
515.93
523.51
520.22
522.63
521.76
520.61
521.49
522.06
518.88
516.11
514.41
510.49
510.6
514.44
510.53
499.95
493.68
494.62
500.8
497.12
496.32
491.28
491.93
491.2
488.63
490.38
490.89
496.5
507.05
501.78
496.78
491.9
494.5
493.28
490.13
490.51
484.77
478.63
476.06
471.24
457.57
462.87
470.45
472
470.39
469.14
467.03
465.38
457.88
460.96
466.9
471.36
461.57
461.3
463.58
463.72
469.55
477.68
483.25
479.5
482.6
487.34
487.34
483.94
475.5
480.48
486.93
482.41
481.69
486.08
488.97
491.18
485.42
485.75
487.53
489.89
491.14
490.06
491.39
482.67
475.04
468.98
470.91
471.12
477.46
478.24
480.14
480.14
487.86
493.25
500.98
505.8
503.15
504.6
508
520.12
519.17
513.16
512.37
516.07
519.64
523.37
530.62
527.06
521.85
518.31
515.45
522.22
517.56
512.82
517.69
515.8
523.91
524.49
526.4
524.67
518.93
522.62
527.02
527.06
519.57
523.74
516.26
519.47
521.74
519.55
511.91
513.66
507.07
505.9
505.55
506.33
509.56
509.71
507.8
505.9
513.48
511.94
518.29
522.23
523.27
519.78
519.75
513.58
517.01
517.15
516.8
517.03
512.04
508.78
508.09
506.53
508.29
508.23
509.4
509.98
502.69
499.28
503.99
505.33
506.32
506.88
505.91
507.11
506.37
504.7
502.76
496.58
490.36
493.73
495.22
493.72
498.74
502.52
502.47
502.96
503.4
504.08
504.06
502.79
497.57
500.14
498.67
497.96
501.31
503.92
502.27
500.77
507
509.98
511.86
511.14
509.5
508.23
507.62
506.97
505.05
501.86
501.21
502.98
502.14
502.62
500.26
499.24
498.11
502.03
504.93
501.99
502.78
503.89
504.13
503.69
502.95
503.56
503.85
505.72
506.24
503.57
500.61
501.34
503.43
505.23
503.89
505.09
505.31
507.07
507.3
507
505.56
505.56
506.79
509.4
511.26
510.51
511.12
513.47
514.03
514.2
512.25
512.71
510.7
509.89
510.17
512.33
513.69
514.74
515.28
515.07
516.34
516
518.23
520.46
521.12
521.31
520.33
520.24
514.89
512.5
513.7
514.41
513
512.96
514.58
516.13
518.08
515.95
513.79
511.3
512.97
512.45
513.39
511.96
514.11
514.42
512.29
512.45
511.56
509.75
508.92
507.7
508.14
508.06
508.52
508.16
508.24
509.02
509.09
509.42
508.86
507.58
507.24
506.89
506.8
505.54
505.12
506.42
507.68
505.69
505.4
503.06
504.29
506.34
506.67
506.92
507.74
507.99
508.31
510.39
509.74
511.3
511.49
509.75
509.42
509.46
508.59
508.9
507.81
507.35
507.21
505.11
504.18
506.88
503.52
500.92
501.81
502.1
502.52
503.33
502.96
503.61
502.38
502.15
503.31
504.13
504.4
503.8
501.22
499.51
500.16
501.47
501.68
503.9
503.98
504.05
502.16
498.2
497.02
494.7
488.64
489.46
489.72
491.51
493.44
491.37
482.95
480.86
482.15
475.75
479.55
479.1
478.25
481.57
482.39
479.26
481.53
482.55
477.54
475.48
474.16
475.95
475.56
479.02
481.35
484.68
485.78
482.24
479.17
480.92
482.96
483.6
483.21
482.64
481.42
482.03
481.61
481.8
475.04
474.95
473.15
474.96
476.54
479.15
476.31
477.35
478.43
472.47
474.5
475.49
477.34
477.1
476.52
476.96
478.99
479.04
482.34
482.87
483.52
479.66
478.99
477.56
476.18
473.52
473.89
475.6
476.37
476.83
477.28
476.98
475.74
475.09
476.26
476.66
474.6
475.36
476.78
477.68
477.87
475.9
476.29
473.58
471.5
473.04
475.53
476.96
472.78
473.79
472.48
474.1
474.89
476.13
476.24
475.96
477.65
477.37
476.8
476.89
478.32
478.44
478.82
479.76
486.76
492.16
491.01
485.45
485.75
485.75
486.92
488.48
491.41
489.11
484.29
483.18
484.49
486.09
487.18
488.19
488.31
487.22
486.35
487.64
488.02
485.26
484.3
486.39
484.79
483.97
482.87
480.5
479.75
479.58
478.66
478.38
475.81
477.8
478.18
480.2
479.21
479.15
480.08
479
478.26
478.38
480.13
480.77
480.77
481.63
481.61
481.24
482.89
483.54
483.41
483.09
481.86
482.24
481.18
480.47
479.94
479.42
480.26
479.89
479.93
480.08
480.4
480.73
481.13
481.96
482.18
480.94
480.21
481.43
481.71
480.9
480.72
480.6
480.56
480.74
479.11
478.35
478.2
478.26
478.57
475.61
475.17
470.28
467.97
471.56
470.17
470.46
470.64
467.22
467.91
462.57
461.59
460.57
461.26
466.15
467.11
469.2
470.62
473.95
474.69
468.3
470.11
469.61
467.35
467.26
468.03
466.66
463.7
466.84
467.37
461.92
462.8
464.6
462.17
462.36
464.8
466.57
467.44
466.9
466.39
463.97
465.41
466.87
466.45
469.41
470.89
475.05
473.48
473.65
474.86
474.83
477.11
476.6
477.38
478.14
477.69
477.41
477.6
478.47
480.42
481.07
486.28
487.24
483.84
484.48
487.41
486.83
485.47
486.51
484.59
481.22
479.29
477.13
478.62
479.29
479.01
479.44
479.85
477.32
476.41
473.48
475.93
476.41
474.11
474.51
471.82
474.5
474.92
474.58
473.31
468.23
469.56
472.69
475
475.06
474.95
476.85
475.84
475.24
475.04
474.36
476.66
477.31
473.84
472.31
465.66
468.79
470.89
471.13
472.14
471.34
472.11
471.39
471.79
471.47
471.22
472
472.07
472.22
472.57
474.04
472.38
470.55
470.64
468.88
468.8
471.36
474.44
470.98
471.16
473.58
475.51
475.27
477.38
479.71
479.26
477.68
477.61
479.65
479.67
479.62
478.32
479.39
477.39
477.38
476.81
476.43
474.68
474.58
477.83
478.76
477.97
477.51
479.16
479.52
477.93
475.63
478.46
479.17
480.37
478.8
477.83
476.42
475.43
476.06
476.47
474.95
474.14
474.93
475.48
475.8
476.47
477.16
478.04
478.19
478.29
477.44
474.65
473.67
471.26
473.44
474.99
476.83
477.62
473.49
475.07
475.77
475.67
475.26
475.61
476.08
473.07
469.13
466.98
469.22
472.69
472.08
472.22
472.22
471.27
470.8
471.58
468.86
468.08
469.19
468.73
470.15
471.1
469.38
467.63
467
468.06
465.56
464.35
463.83
463.45
462.46
462.6
463.53
463.14
464.34
461.2
460.82
460.89
457.99
459.83
460.79
458.54
458.71
456.69
452.41
455.29
455.75
453.15
449.44
449.11
448.67
445.65
446.68
449.29
452.53
447.48
447.31
449.9
450.79
450.84
450.25
449.36
448.03
448.04
448.25
449.07
442.79
439.15
434.56
434.58
436.77
427.7
423.33
420.11
416.15
418.38
428.4
422.6
427.08
423.21
424.63
423.51
426.65
428.06
423.43
419.73
413.93
402.18
401.53
395.05
392.31
385.05
394.58
400.99
402.03
402.67
401.14
399.29
399.73
396.21
399.28
396.23
395.85
393.64
393.81
398.27
407.38
412.92
411.11
414.1
416.36
414.37
413.18
418.51
423.98
418.64
416.52
416.86
418.93
427.57
417.71
412.92
407.89
409.76
409.38
410.2
411.94
410.65
411.6
411
412.09
405.62
403.1
398.52
398.49
402.42
401.12
399.4
398.67
402.27
401.11
406.23
407.47
404.21
404.97
406.26
404.16
399.42
395.06
397.24
400.09
399.48
397.87
402.09
403.81
404.85
407.56
408.29
402.54
400.81
403.15
404.07
404.22
404.15
401.54
399.49
402.25
399.77
400.92
400.95
402
401.99
403.94
401.06
398.9
401.1
403.45
401.75
401.39
402.91
403.5
402.56
401.02
399.75
396.56
396.45
396.6
398.37
398.25
398.88
400.17
396.69
404.67
432.16
439.36
442.5
446.38
437.89
439.17
438.73
437.83
438.62
432.39
429.84
432.12
427.29
424.64
422.06
421.84
421.18
425.55
426.41
432.43
433.5
431.75
432.55
432.12
429.42
428.96
428.27
427.76
426.21
423.39
422.63
418.75
416.74
416.64
419.91
415.59
408.58
408.9
410.13
407.61
412.23
408.99
408.11
409.54
412.76
414.02
410.79
409.99
407.96
408.88
408.7
410.46
412.48
409.13
412.5
413.35
409.5
410.17
408.74
411.19
408.52
405.82
401.89
403.86
401.68
399.35
398.8
403.51
398.65
402.9
403.28
405.15
404.56
405.31
407.07
407.75
407.82
406.8
403.16
400.29
403.54
405.54
406.66
405.04
407.74
405.7
406.23
406.4
404.88
405.13
404.65
405.11
406.25
401.28
400.63
399.16
401.04
399.76
399.09
401.11
401.63
401.01
400.89
402.82
401.4
402.56
400.46
400.69
399.6
399.7
400.13
398.92
398.65
398.81
394.55
394.19
393.16
390.04
389.45
382.08
381
380.59
381.78
374.61
378.15
376.09
375.85
380.2
383.25
382.13
379.41
380.16
372.26
372.2
374.29
379.67
377.75
375.01
381.21
381.52
381.02
380.91
383.7
383.48
377.86
376.34
372.42
376.22
370.72
372.33
374.71
373.5
374.09
375.85
376.63
377.25
376.09
374.26
375.23
376.19
375.84
377.03
379.49
379.44
378.27
383.29
383.68
382.9
383.99
387.32
393.31
388.58
392.23
392.06
388.88
387.87
388.25
390.49
391.52
391.62
387.89
386.55
385.64
383.78
384.27
381.17
380.11
380.38
385.25
384.97
381.02
385.28
385.48
384.9
384.46
384.8
383.72
383.3
384.1
382.46
384.22
385.27
383.94
384.17
383.19
380.9
380.07
379.46
379.78
380.51
379.63
377.72
374.97
376.56
376.33
375.33
376.57
377.02
377.03
375.17
373.05
374.95
373.29
373.6
372.66
374.23
375.66
376.56
377.05
376.38
377.36
376.33
375.93
371.62
369.51
366.64
364.08
368.82
362.73
364.02
362.01
361.26
359.74
357.67
357.31
356.02
357.41
357.93
361.48
362.57
364.54
362.34
358.32
358.66
354.49
351.87
352.79
351.58
348.3
347.47
348.05
345.98
337.86
335.59
336.77
331
326.89
328.07
330.25
328.6
328.79
330.25
334.54
335.7
337.86
334.97
331.11
326.57
319.25
313.93
309.42
304.57
310.95
311.85
312.15
295.46
286.59
292.81
300.61
309.89
308.03
301.58
306.63
325.24
312.26
300.23
300
299.99
299.63
299.99
300
304.83
314.53
323.74
323.77
318.86
322.81
324.09
330.02
340.02
340.11
339.4
330.61
330.74
331.27
330.82
329.73
325.56
328.94
330.73
333.6
335.3
335.54
336.34
326.93
322.42
320.23
324.66
318.42
317.04
323.75
327.61
329.07
325.98
329.44
330.13
330.85
327.9
329.53
330.92
330.4
332.96
331.64
332
331.97
329.56
328.12
328.64
330.2
332.26
338.07
337.16
344.21
338.16
338.62
339.32
344.75
348.42
350.27
344.38
346.48
345.78
349.6
350.44
352.51
355.3
357.86
356.76
355.98
355.35
353.44
352.57
359.06
362.01
364.37
366.66
367.04
369.24
374.24
370.63
383.84
383.71
383.78
375.53
377.36
374.58
367.57
354.38
360.56
361.52
365.85
364.34
365.79
369.34
367.74
373.11
373.17
371.8
365.93
363.42
363.95
365.55
361.53
359.5
355.76
356.84
357.79
359.43
357.27
357.84
358.46
358.58
359.08
359.69
358.34
363
364.82
360.08
364.04
363.25
364.36
362.85
359.57
358.33
354.43
354.23
356.59
356.63
354.15
354.87
358.27
360.8
359.83
362.73
363.34
362.98
361.69
364.32
363.66
361.73
361.1
361.56
362.19
361.64
360.93
360.91
359.99
356.46
357.07
356.11
359.63
360.3
361.86
363.99
364.23
362.11
370.9
371.72
373.26
377.05
381.07
378.35
375.2
373.97
375.39
375.79
370.98
368.77
369.21
374.51
379.77
380.16
378.93
381.5
379.9
379.09
383.45
378.28
377.17
381.25
381.32
384.07
387.98
393.35
398.31
393.78
394.19
395.81
394.51
396.52
399.16
408.29
411.24
404.02
406.81
406.47
402.21
403.55
404.41
402.63
398.86
402.09
401.56
410.43
410.51
412.44
408.75
408.71
401.55
403.47
402.79
398.71
395.59
397.31
400.72
395.97
397.85
393.4
389.54
390.27
390.78
396.35
398.74
397.36
395.01
390.1
389.58
393.12
393.22
391.05
391.69
393.78
392.84
394.63
397.02
396.82
395.52
395.78
395.33
393.68
392.04
390.3
393.81
395.39
394.77
383.92
383.58
381.11
376.48
380.91
382.1
378.55
374.89
373.08
382.14
381.93
382.7
382.67
381.33
381.55
381.76
380.14
379.37
382.41
383.66
382.73
379.58
378.03
376.35
374.64
376.55
377.85
375.54
377.06
377.87
381.38
383.4
380.89
381.1
382.55
382.83
383.04
379.34
377.59
377.57
380.46
379.28
379.83
378.69
379.22
379.7
382.79
383.44
383.24
386.87
390.62
390.72
393.3
392.37
391.62
389.12
391.07
393.8
395.23
392
392.12
390.19
389.88
389.65
392.45
391.87
391.42
391.53
392.61
393.06
389
387.65
385.59
386.48
388.12
389.98
391.61
390.48
388.69
389.84
389.07
387.82
387.45
389.82
388.57
388.46
387.16
383.53
384.81
379.28
380.35
382.79
380.21
378.53
381.51
383.29
382.61
383.94
384.15
384.57
383.69
385.72
385.68
384.45
385.2
384.18
381.17
380.13
381.66
380.31
380.37
379.9
382.73
382.45
380.89
380.39
382.03
382.36
384.25
387.15
385.5
386.05
388.48
391.59
390.73
388.48
387.25
386.66
387.43
386.79
388.43
386.6
385.19
384.57
385.51
387.51
386.72
386.65
386.93
386.07
385.15
384.47
384.02
382.2
383.64
381.06
383.07
383.46
385.36
385.11
386.07
385.5
384.24
384.15
384.33
383.56
382.7
382.75
382.59
382.35
380
375.91
373.8
371.11
371.34
367.82
370.11
368
370.56
365.9
364.21
362.77
360.94
359.9
362.09
364.87
361.83
359.38
355.24
357.02
357.22
356.7
356.42
350.75
352.36
354.38
350.65
354.66
358.82
360.1
358.12
361.28
357.25
360.08
360.97
362.08
360.29
360.79
359.38
358
359.35
358.55
358.02
356.66
357.5
358.63
353.67
354.76
356.92
357
357.59
358.48
349.56
345.18
343.87
343.07
345.33
344.95
345.17
344.25
348.68
352.15
348.7
348.71
348.61
349.44
350.72
350.42
348.24
348.39
346.42
345.11
346.65
348.98
349.01
348.32
354.26
359.45
356.83
357.35
357.33
357.87
354.14
351.67
352.59
352.86
355.54
355.35
354.07
355.09
354.75
354.89
353.68
354.45
354.73
353.9
355.36
353.61
351.97
350.33
351.62
351.16
353.95
354.03
356.59
355.73
354.37
355.18
356.58
356.37
355.79
355.66
355.39
352.47
353.14
353.28
351.07
352.8
351.84
351.89
352.57
353.77
351.96
352.35
354.26
355.62
355.59
356.36
356.66
356.66
355
354.42
354.51
354.24
353.83
354.22
356.12
355.96
355.98
355.92
354.85
354.76
353.76
351.78
351.57
353.75
352.57
353.4
354.17
352.75
352.24
349.27
346.77
345.57
340.88
339.06
341.6
341.72
342.66
341.74
342.33
340.38
337.88
337.07
335.12
337.54
337.64
336.73
338.27
336.39
335.38
336.02
340.01
337.66
337.1
338.85
337.47
335.92
334.84
335.61
338.21
337.15
336.04
342.08
347.25
347.63
349.34
346.63
345.18
344.09
347.01
346.79
345.43
344.66
344.23
345.84
345.54
344
343.88
340.68
338.06
341.42
342.38
341.5
342.35
339.94
337.42
340.71
341.8
342.1
342.03
339.6
337.59
338.54
338.6
338.41
339.09
339.06
338.24
333.78
331.23
328.93
330.86
331.73
329.57
327.81
322.71
326.58
326.15
325.65
326.2
325.86
321.79
319.93
321.35
323.68
324.05
324.69
325.82
326.43
326.62
326.94
328.28
326.79
323.88
324.81
324.78
324.13
320.18
322.21
321.12
322.95
323.73
324.59
325.7
325.95
325.43
325.47
325.56
325.13
324.49
324.02
327.26
331.59
331.9
331.95
329.24
328.88
330.61
329.5
331.14
330.33
328.88
328.21
329.93
329.08
327.96
327.49
328.45
327.1
327.65
328.59
327.24
327.07
325.47
326.02
326.05
328.19
327.26
326.37
324.53
324.44
324.62
322.84
321.97
322.6
323.37
325.83
329.69
328.84
329.18
327.36
328.91
330.13
329.9
328.02
327.36
328.1
329.8
335.56
335.45
333.68
335.39
333.56
334.04
330.84
335.58
334.07
338.71
338.05
337.05
337.75
338.85
341.93
341.46
340.37
341.15
339.83
342.21
341.92
341.57
339.1
338.39
337.33
339.81
339.34
339.21
336.89
338.25
340.39
339.26
338.76
339.41
339.76
339.25
339.02
339.07
340.95
346.28
349.41
347.3
347.67
347.07
350.13
350.77
350.81
350.14
347.66
347.17
348.66
348.5
348.96
350.74
351.09
347.64
347.96
346.8
343.02
344.63
345.17
345.19
344.69
343.97
341.99
341.54
341.84
342.83
343.99
343.36
341.88
342.07
342.33
342.04
343.41
345.18
345.79
343.48
343.31
342.44
342.67
342.67
342.64
342.04
342.15
342.26
341.84
342.9
343.3
345.05
344.77
345.03
343.36
344.15
346.51
345.98
345.45
345.51
344.52
344.07
343.99
345.29
343.74
345.01
349.17
349.34
350.59
350.68
349.1
351.58
357.4
356.19
357.31
356.6
356.1
357.68
360.35
359.13
360.47
364.58
363.7
359.89
358.27
359.12
360.07
360.32
359.8
361.32
365.94
361.45
366.98
370.96
372.77
371.4
373.57
374.99
374.3
374.01
375.08
372.03
371.84
367.26
366.41
366.03
368.24
370.45
368.61
368.47
369.96
368.21
369.86
370.57
368.77
366.55
368.33
368.61
366.87
364.07
361.99
365.28
365.41
365.21
366.21
366.19
367.43
367.9
368.78
369.19
371.25
372.41
375.7
378.84
382.64
384.97
383.59
383.43
379.76
381.16
386.02
390.45
394.43
397.43
397.31
400.71
407.16
418.86
422.77
419.11
425.09
426.67
420.71
420.22
425.93
427.7
432.12
437.58
444.1
448.17
450.87
443.95
444.5
425.14
421.01
418.99
428.56
428.09
431.68
435.48
428.32
412.24
397.96
398.81
408.73
405.19
412.21
419.71
411.37
408.9
399.21
391.52
392.13
393.54
395.53
399.37
391.39
387.17
396.06
397.02
406.96
407.96
402.34
398.5
392.42
395.5
397.16
396.36
394.83
394.78
399.71
399.1
403.92
397.46
389.77
394.45
396.6
395.51
394.75
397.8
395.61
392.96
391.35
390.84
389.18
384.53
378.15
376.17
374.72
370.66
373.93
374.11
376.95
378.01
379.7
378.49
375.3
377.83
378.58
379.11
379.65
382.92
387.06
389.18
390.89
387.81
385.16
389.42
388.82
387.84
383.69
383.65
381.96
382.44
382.07
388.61
387.46
385.76
388.35
388.88
396.21
398.22
403.43
402.56
399.38
402.88
400.63
400.41
406.42
411.73
409.21
412.08
405.3
401.13
399.85
400.79
400.26
387.26
381.17
383.41
387.27
386.77
388.36
388.52
390.97
389.24
386.26
385.62
389.78
389.32
388.34
390.62
382.01
385.58
376.83
374.52
379.46
375.18
377.15
379.51
376.52
378.46
378.95
380.61
375.95
378.03
378.17
376.35