387.91
383.44
382.68
379.07
379.28
379.9
380.4
384.54
377.79
379.47
382.63
383.03
382.12
383.99
383.95
384.21
383.9
383.16
384.33
386.53
384.23
384.23
383.2
380.94
381.18
379.56
381.58
380.49
379.69
380.03
380.04
379.55
382.93
382.01
380.24
380.02
381.46
381.59
383.22
385.18
385.81
389.84
390.88
388.59
388.68
387.73
386.58
386.01
385.81
385.98
384.86
384.31
385.35
385.11
387.38
386.53
386.61
386.25
386.39
385.79
384.53
384.26
380.93
380.33
383.04
383.09
385.48
382.96
385.27
383.96
384.11
383.8
384.02
383.72
383.08
382.24
383.43
382.18
382.38
378.45
372.49
369.3
371.21
367.04
368.16
367.44
367.62
370.1
362.65
362.4
362.31
359.3
360.08
364.38
361.68
361.07
358.31
354.4
355.32
356.8
357.13
355.7
350.45
352.32
351.92
355.42
350.04
357.73
358.39
355.32
358.57
360.79
359.27
359.14
357.72
359.09
357.87
356.77
356.53
356.74
357.99
352.08
355.13
356.97
356.37
358.52
356.08
348.05
344.06
342.98
342.26
342.23
343.45
345.34
343.59
343.39
349.87
347.28
348.25
347.55
349.53
350.57
347.12
347.95
348.1
344.85
346.92
348.55
347.75
356.51
356.58
356.84
356.69
352.88
351.15
351.5
351.96
354.0
355.2
353.13
353.91
355.2
354.39
355.03
353.28
354.12
354.6
354.08
353.54
353.42
350.57
349.95
350.99
350.08
353.18
353.23
355.26
355.4
353.08
356.11
356.11
356.13
355.11
355.94
355.39
351.86
352.8
352.56
352.64
350.7
350.49
351.17
351.55
352.36
353.49
353.77
351.71
351.78
352.49
355.96
355.23
356.07
356.36
356.29
354.75
353.36
354.17
354.5
353.99
353.64
353.65
355.29
354.52
354.29
354.55
353.17
352.93
350.92
351.22
353.59
352.44
352.53
352.63
352.78
352.25
352.3
348.06
346.33
346.47
340.16
338.75
341.85
340.36
342.51
342.25
340.94
341.84
336.81
336.76
334.69
335.09
336.89
336.44
335.19
335.31
336.1
338.4
336.26
338.44
336.62
335.34
334.31
335.44
335.62
335.68
346.53
347.0
344.5
345.58
343.88
345.47
346.79
346.34
343.6
343.28
343.63
345.29
343.79
343.85
343.47
337.93
338.11
341.23
342.43
341.31
341.8
336.48
340.2
339.92
341.05
342.12
337.16
338.08
338.3
338.36
339.28
339.1
338.73
332.68
332.31
328.68
330.54
331.13
329.26
329.38
327.31
321.97
325.59
325.29
325.47
320.72
318.93
323.62
323.77
323.89
323.78
325.53
326.06
325.5
326.49
325.83
325.34
323.31
324.69
323.86
321.45
320.0
320.41
322.72
323.71
325.58
324.87
324.78
324.78
324.34
322.5
323.73
330.28
331.82
328.94
329.39
328.58
328.88
328.86
329.38
330.25
330.37
330.19
328.17
327.71
328.36
327.42
328.1
326.9
326.82
326.69
327.35
326.27
325.11
326.13
325.66
325.29
326.99
328.12
326.24
324.27
324.24
322.34
322.53
321.84
321.91
321.84
322.78
322.87
323.89
328.41
327.89
328.95
325.0
329.47
330.06
328.4
326.94
327.07
327.3
327.88
328.14
329.69
336.69
334.86
333.2
333.03
333.82
329.93
333.82
334.23
338.25
338.27
337.43
336.59
337.48
340.94
338.77
340.65
339.18
341.91
341.63
339.05
339.16
336.72
339.41
339.06
336.62
336.8
338.19
338.82
338.58
338.87
339.42
338.48
338.81
338.64
339.1
341.02
347.74
346.56
347.42
346.8
346.21
351.05
349.38
349.79
347.21
347.0
348.18
347.98
348.56
350.37
350.98
350.51
346.43
346.27
342.89
343.18
344.29
345.42
344.86
344.39
344.17
343.09
342.04
341.09
341.48
342.77
342.86
342.41
341.53
341.97
342.28
342.18
341.37
345.38
344.6
343.02
342.65
342.22
342.31
342.4
342.2
342.32
341.91
342.29
341.93
341.82
341.56
342.92
343.32
344.29
344.87
342.95
346.24
345.1
345.32
344.5
344.49
343.96
343.85
345.4
343.62
348.26
349.26
350.31
350.46
348.02
348.33
354.48
356.77
356.2
356.4
355.99
356.42
358.07
359.73
358.26
360.7
358.25
358.09
359.09
360.26
358.74
358.72
360.83
360.78
362.99
371.38
370.87
370.34
371.4
374.25
373.07
373.67
373.87
371.59
369.24
365.13
365.98
365.36
367.7
367.6
369.71
367.86
369.72
366.28
367.42
367.29
368.77
366.38
363.76
361.29
365.21
365.23
364.25
365.19
366.67
367.44
367.49
368.27
368.47
371.67
371.25
376.69
377.96
382.19
382.42
380.69
378.61
381.74
389.71
393.01
397.1
395.03
399.82
406.82
407.53
415.36
420.79
424.2
425.57
417.84
417.16
424.12
427.63
433.68
444.35
442.85
442.71
415.42
415.17
427.1
426.48
425.5
429.51
406.52
391.87
402.07
405.2
404.02
418.05
413.41
407.74
389.78
391.8
391.11
391.23
396.03
384.82
393.29
395.87
406.03
396.95
391.04
393.84
395.46
394.41
394.41
392.98
398.7
398.37
395.5
389.22
393.56
395.93
395.16
395.31
394.48
397.27
396.87
393.82
391.87
390.65
391.03
390.43
387.82
374.17
374.42
370.58
370.12
372.5
377.49
376.72
377.23
375.15
375.64
376.91
378.56
376.76
377.71
383.17
385.84
387.2
384.09
385.5
387.93
382.07
381.0
381.23
381.99
382.86
381.7
387.62
386.58
385.09
387.49
386.9
388.0
398.87
396.97
401.7
397.47
399.71
403.47
399.68
398.72
409.13
408.65
408.72
400.89
396.75
399.09
378.89
382.4
382.45
385.64
384.67
385.53
387.62
389.31
388.55
385.07
384.87
388.03
387.58
390.54
381.58
384.75
373.34
377.84
375.49
373.5
375.71
378.59
375.74
378.64
378.88
381.09
374.98
377.35
378.15
376.45
