-0.31
-1.32
-0.91
-4.19
-0.53
-0.48
-0.93
-0.13
-2.1
-0.22
-1.1
-0.42
-0.95
-0.17
-0.08
-0.02
-0.97
-0.88
-0.14
-0.28
-2.32
-0.27
-0.45
-4.28
-0.31
-0.97
-0.71
-0.29
-0.5
-0.06
-0.81
-2.63
-0.61
-0.09
-0.48
-0.72
-1.1
-0.31
-0.39
-0.08
-0.11
-0.04
-0.8
-2.2
-1.11
-1.56
-1.99
-0.35
-0.27
-0.65
-0.46
-0.88
-0.26
-0.29
-0.69
-0.34
-0.22
-0.81
-0.45
-0.17
-0.65
-0.21
-1.14
-0.3
-0.55
-0.31
-0.23
-0.3
-1.34
-1.47
-0.8
-0.47
-0.66
-0.89
-0.16
-0.12
-0.56
-0.02
-0.07
-0.2
-2.63
-1.38
-1.31
-1.61
-3.23
-0.92
-1.95
-1.34
-2.32
-1.54
-1.16
-1.04
-0.25
-0.03
-4.5
-0.52
-1.57
-3.98
-0.55
-0.74
-0.27
-1.45
-5.1
-1.23
-0.41
-0.07
-4.46
-0.51
-0.09
-1.3
-0.81
-1.55
-0.58
-1.13
-0.47
-0.2
-0.74
-0.14
-0.33
-0.18
-0.37
-3.69
-1.24
-0.23
-0.1
-0.09
-1.09
-3.97
-1.54
-1.47
-2.14
-0.7
-1.15
-0.38
-0.96
-0.31
-0.11
-1.17
-0.06
-0.07
-0.4
-0.36
-1.05
-0.52
-0.48
-0.16
-0.07
-0.27
-0.48
-0.32
-1.18
-0.88
-0.58
-1.97
-1.78
-0.19
-0.38
-0.31
-0.31
-1.27
-0.31
-0.32
-1.01
-0.78
-0.13
-0.12
-0.3
-1.09
-0.48
-0.86
-2.16
-0.33
-1.36
-0.26
-0.61
-0.67
-0.03
-0.7
-0.65
-0.17
-0.62
-0.66
-1.33
-0.63
-0.7
-0.12
-1.0
-0.34
-0.22
-3.34
-0.47
-0.91
-0.62
-0.06
-0.17
-0.28
-2.48
-0.53
-0.09
-0.39
-0.41
-0.02
-0.47
-0.61
-1.72
-2.14
-0.38
-0.77
-0.11
-0.04
-1.05
-0.03
-0.99
-0.42
-0.54
-0.55
-1.06
-0.9
-0.31
-0.72
-1.23
-0.71
-0.28
-1.22
-0.93
-0.83
-2.18
-0.8
-1.04
-0.34
-0.19
-0.00999999999999
-1.09
-0.33
-0.27
-1.51
-0.22
-0.21
-0.39
-0.52
-0.08
-1.07
-0.52
-0.85
-0.81
-0.18
-0.38
-0.77
-0.4
-1.35
-0.55
-0.32
-0.33
-1.11
-0.83
-0.01
-0.91
-1.72
-0.22
-0.25
-0.36
-0.24
-1.12
-0.99
-0.0700000000001
-0.21
0.0
-0.32
-0.42
-0.63
-0.22
-0.33
-0.78
-0.12
-0.24
-0.85
-1.39
-0.35
-1.21
-0.49
-0.4
-0.8
-0.91
-0.9
-0.3
-0.06
-0.24
-0.46
-2.0
-0.16
-2.19
-0.99
-1.13
-2.63
-0.39
-0.56
-0.78
-0.88
-0.28
-0.52
-0.43
-3.93
-0.19
-0.75
-0.5
-0.74
-0.17
-0.05
-1.26
-0.22
-0.17
-0.67
-2.59
-0.16
-0.93
-1.0
-1.68
-0.84
0.0
-0.97
-0.38
-0.08
-0.2
-0.48
-1.36
-2.19
-0.97
-1.37
-0.42
-1.2
-0.77
-1.51
-0.73
-0.35
-0.09
-0.39
-0.64
-0.25
-1.19
-0.89
-0.26
-1.3
-0.48
-0.8
-0.84
-0.46
-0.06
-1.69
-0.65
-0.13
-0.53
-0.14
-0.88
-0.46
-0.08
-0.32
-0.53
-0.99
-1.02
-3.04
-1.14
-0.64
-0.02
-0.79
-1.13
-0.5
-0.49
-0.07
-2.21
-0.95
-0.67
-1.55
-1.3
-0.49
-0.52
-0.25
-0.68
-0.18
-0.34
-0.51
-0.43
-1.0
-0.05
-1.8
-2.58
-0.83
-0.88
-0.05
-0.89
-1.7
-0.1
-0.26
-1.15
-0.79
-2.88
-0.00999999999999
-0.19
-0.02
-0.15
-0.38
-1.34
-0.53
-1.3
-0.21
-0.00999999999999
-0.06
-0.46
-0.89
-0.29
-0.58
-0.35
-0.32
-0.26
-0.44
-1.88
-0.61
-0.18
-0.78
-1.27
-0.47
-2.33
-1.46
-1.54
-0.13
-0.22
-0.88
-0.09
-0.35
-0.18
-0.86
-0.97
-1.43
-3.75
-0.29
-0.59
-0.3
-0.54
-1.13
-0.98
-1.0
-1.15
-0.28
-0.22
-0.55
-0.32
-0.46
-0.5
-0.32
-0.04
-0.56
-1.71
-0.47
-0.66
-0.15
-0.39
-0.37
-1.29
-0.32
-1.08
-0.83
-1.28
-0.42
-0.48
-0.38
-0.41
-0.02
-0.11
-0.49
-0.46
-0.00999999999999
-0.31
-0.19
-0.08
-0.00999999999999
-0.36
-0.83
-0.02
-0.36
-0.09
-1.46
-0.88
-0.35
-0.32
-0.72
-0.64
-0.6
-0.63
-1.02
-0.24
-0.46
-0.17
-0.07
-0.07
-0.13
-2.35
-1.24
-0.15
-0.41
-0.06
-1.56
-0.43
-0.48
-3.24
-0.02
-0.46
-3.69
-1.48
-0.08
-2.07
-0.06
-0.71
-2.03
-1.01
-1.09
-1.43
-3.38
-0.35
-1.95
-1.18
-1.06
-1.55
-0.55
-0.06
-0.74
-0.86
-0.24
-0.69
-0.97
-0.5
-0.66
-0.3
-1.04
-0.11
-0.16
-0.34
-0.96
-0.83
-0.21
-0.22
-0.66
-0.05
-0.67
-1.2
-2.14
-0.92
-0.48
-0.48
-0.34
-2.69
-1.02
-2.4
-0.84
-0.98
-2.15
-2.2
-0.58
-0.69
-0.04
-5.05
-2.07
-4.51
-0.5
-1.85
-2.89
-7.42
-2.16
-9.28
-2.81
-5.92
-1.34
-0.94
-1.5
-8.43
-10.54
-2.66
-3.47
-1.12
-4.34
-4.25
-5.91
-1.51
-2.1
-2.21
-1.36
-0.17
-1.98
-0.78
-0.63
-4.05
-1.41
-5.93
-0.5
-1.65
-1.97
-0.79
-2.66
-0.87
-1.37
-7.36
-8.31
-0.2
-0.51
-1.98
-0.44
-1.05
-0.6
-1.11
-2.21
-1.51
-3.49
-0.06
-0.22
-0.64
-3.31
-5.09
-0.1
-1.61
-2.63
-0.29
-2.23
-1.41
-0.06
-0.4
-0.03
-0.22
-1.44
-0.83
-0.22
-1.81
-5.77
-1.5
-0.68
-0.18
-1.13
-1.36
-2.83
-1.23
-0.06
-1.56
-1.68
-2.8
-2.27
-1.2
-1.18
-0.82
-0.49
-2.31
-1.13
-3.12
-0.33
-0.87
-2.87
-1.72
-3.3
-0.94
-0.64
-1.5
-2.44
-2.24
-0.82
-0.4
-0.92
-0.87
-1.92
-0.02
-0.82
-0.02
-0.00999999999999
-4.47
-0.25
-1.47
-0.37
-0.05
-7.03
-1.04
-2.1
-1.11
-5.02
-1.52
-1.07
-0.55
-0.48
-0.03
-0.26
-0.38
-6.46
-0.46
-0.01
-1.71
