681.94
679.73
669.44
648.38
598.41
656.61
645.43
610.65
621.49
621.22
617.71
552.21
569.04
604.75
604.58
545.32
534.71
577.09
576.7
543.93
563.74
560.3
661.12
663.6
661.79
658.72
625.83
615.24
633.18
625.83
628.95
631.39
638.16
626.71
633.67
630.72
621.22
613.63
608.82
586.59
570.77
564.42
561.35
586.27
582.28
579.07
478.16
502.44
493.18
461.87
458.5
478.72
437.51
447.08
448.88
464.83
460.7
446.22
450.46
440.2
360.84
420.06
420.66
414.95
457.63
520.12
529.16
494.4
478.23
501.55
497.32
493.09
484.43
486.93
500.26
459.61
456.14
429.65
437.06
444.25
445.87
456.27
446.64
436.94
434.06
429.72
426.99
436.96
435.34
448.23
452.71
436.54
438.43
437.41
441.75
444.32
445.01
446.36
444.81
444.31
485.83
489.16
526.06
519.04
525.63
570.09
581.83
569.63
574.45
565.51
616.47
623.26
629.02
658.79
665.73
636.78
656.06
645.56
652.71
653.64
645.34
649.81
627.91
581.8
597.43
571.69
591.97
588.06
607.34
604.88
592.26
588.52
591.03
598.88
587.46
575.07
562.13
579.38
600.86
591.99
598.6
639.36
635.59
647.34
640.69
626.96
628.33
631.71
617.99
620.22
620.55
615.11
631.18
634.48
627.58
618.38
619.36
615.2
622.62
628.22
625.8
621.37
620.01
618.81
617.93
600.01
599.93
593.85
590.95
584.69
582.2
564.37
581.35
595.08
587.29
585.51
586.76
583.11
583.04
587.4
590.53
588.09
589.45
573.31
568.21
544.57
508.55
496.62
519.83
492.95
460.67
486.74
511.93
516.16
513.94
497.22
508.57
501.63
513.47
510.43
507.02
508.42
501.2
478.07
474.13
475.32
474.54
489.09
480.5
482.24
479.48
472.15
471.56
477.53
476.33
473.83
477.09
474.71
471.36
463.74
454.91
421.46
391.94
406.82
396.57
398.89
435.38
422.3
408.8
401.92
398.36
376.2
374.73
386.27
381.33
371.99
356.56
325.49
319.64
328.46
334.09
352.79
363.78
358.69
359.2
376.19
388.38
398.71
391.84
380.08
380.42
388.96
386.59
379.37
382.38
379.1
355.86
355.17
346.11
351.54
348.96
351.9
333.38
343.78
336.8
325.39
323.74
324.23
328.28
337.14
348.23
341.08
344.03
363.31
365.29
366.99
427.24
417.15
398.43
375.13
388.55
385.86
378.05
