388.55
388.71
388.74
388.53
388.73
388.87
389.43
389.59
389.56
390.9
390.52
391.11
391.84
391.84
392.03
392.04
391.83
391.66
391.52
391.4
391.19
391.04
390.98
391.46
391.68
391.92
392.87
394.29
394.3
394.63
395.12
396.01
395.5
395.97
397.15
397.99
399.1
398.69
398.22
397.9
396.74
396.36
395.99
396.05
396.76
396.74
397.51
397.84
399
399.48
399.18
399.09
399.31
399.69
400.04
399.63
399.78
399.63
399.04
398.73
398.58
397.93
397.9
397.8
397.73
398.09
398.21
398.15
398.19
398.6
398.37
398.45
398.52
398.6
398.43
398.92
399.43
399.28
399.28
399.25
399.17
398.99
398.51
397.97
397.98
397.62
397.58
397.71
397.86
397.94
398.06
397.62
396.94
396.91
397.36
397.27
397.1
397.49
397.67
397.83
397.94
397.86
397.74
397.42
397.14
397.09
397.08
397.13
397.32
397.28
397.16
397.15
397.32
397.31
397.33
397.77
398.76
399.23
399.31
399.23
399.21
399.24
399.88
400.88
403.1
403.16
403.22
402.74
403.33
403.45
403.1
403.29
403.55
404.06
403.97
404.12
404.14
403.92
404.08
404.03
404.59
404.44
403.96
403.01
402.76
402.84
402.86
403.15
403.05
403.64
403.7
404.19
403.98
403.74
403.8
403.86
404.44
404.47
404.49
403.91
404.24
404.19
402.76
402.63
402.75
402.58
402.45
402.34
401.87
401.85
401.91
401.19
401.2
401.16
401.21
400.92
401.57
402.77
403.02
403.17
402.7
402.92
402.86
403.04
402.89
402.99
402.94
402.76
402.7
402.3
402.59
402.19
402.06
401.72
401.27
400.5
399.4
398.82
399.14
399.54
399.71
399.83
400.06
400.66
401.03
401.18
401.4
401.96
401.76
402.07
402.02
401.6
402.31
402.11
402.31
402.13
402.06
402.13
402.08
402.09
402.1
401.98
401.95
402.01
401.55
401.51
401.53
401.31
401.16
400.75
400.69
400.66
400.58
400.56
400.63
400.68
400.81
400.82
400.83
400.74
400.8
400.68
400.49
400.51
400.59
400.66
400.71
400.71
400.64
400.55
400.57
400.53
400.38
400.04
399.7
399.69
399.52
399.42
399.51
399.25
398.84
398.2
397.92
397.77
397.71
397.7
397.69
397.09
397.07
396.99
396.84
396.53
396.69
396.32
396.31
396.28
396.14
395.8
396.11
396.31
396.23
396.17
396.25
396.45
396.82
396.84
396.81
396.9
397.05
397.07
397.11
397.08
397.11
397.51
397.61
397.82
397.8
397.87
398.13
398.07
398.14
397.99
397.99
398.11
398.29
398.61
398.53
398.49
398.72
398.55
398.45
398.43
398.44
398.34
398.35
398.34
398.34
398.24
398.09
398.08
398.02
398.02
398.18
397.83
397.23
397.41
398.14
398.19
398.25
398.77
399.28
399.55
399.82
399.99
400.41
400.17
399.8
399.93
399.9
399.91
399.9
400.34
400.95
401.15
401.26
401.22
400.97
401.42
401.55
400.93
401.02
401.35
401.54
401.56
401.49
401.62
401.86
401.93
401.85
401.81
401.92
401.92
402.05
401.89
401.92
401.82
401.71
401.59
401.51
401.57
401.32
401.27
401.41
400.6
400.45
400.46
400.75
400.71
400.7
400.73
400.68
400.79
400.8
400.81
400.85
400.86
400.85
399.97
399.89
399.53
399.74
399.68
399.6
399.61
399.69
399.87
399.84
399.51
398.94
398.06
397.72
397.43
397.41
397.48
397.5
397.56
397.67
397.08
397.32
397.64
397.98
398.06
398.51
398.6
398.76
399.41
399.44
399.47
399.35
399.66
399.54
399.65
399.76
399.79
399.52
399.61
399.6
399.7
399.78
399.96
400.17
400.58
400.6
400.73
400.9
400.79
400.81
400.94
400.82
400.73
400.72
400.45
400.47
400.36
399.94
400
399.98
400
399.97
399.95
399.96
400.02
400.27
400.29
400.29
400.26
400.25
399.88
399.84
399.05
398.67
398.68
398.36
397.8
397.8
397.85
398.09
398.1
398.1
397.12
396.93
397.01
397.05
397.49
397.96
398.52
398.8
398.8
399.07
399.43
399.41
399.78
399.53
399.87
399.86
399.97
400
400.13
400.15
400.28
400.28
400.19
400.32
400.35
400.32
400.42
400.38
400.68
400.73
400.47
400.47
400.54
400.61
400.91
401.24
401.56
401.32
401.4
401.62
401.78
402.03
403.16
403.54
403.53
403.51
403.3
403.73
403.73
403.56
403.27
403.64
403.39
402.15
402.15
402.1
402.4
402.6
402.79
403.19
403.25
402.59
402.62
402.53
402.73
403.03
403.22
403.79
405.13
405.99
405.94
405.97
406.32
407.08
407.91
408.07
408.02
407.87
408.12
407.65
407.79
408.12
408.09
407.62
407.43
407.37
407.87
408.85
409.23
409.13
409.61
410
409.7
409.78
409.39
409.62
409.65
409.95
410.06
410.21
409.86
410.14
409.93
409.81
409.24
408.84
408.94
408.95
408.96
408.88
409.03
408.93
408.63
408.29
408.1
407.91
407.72
407.2
406.23
406.21
404.95
405.34
406
406.65
406.57
406.65
406.69
406.31
406.56
406.59
406.63
406.67
406.98
407.16
407.23
406.91
406.94
406.86
407
407.03
406.99
406.95
406.71
406.62
406.61
406.77
406.7
406.8
406.63
406.48
406.48
406.54
406.64
406.66
406.65
406.58
406.52
406.44
406.42
406.4
406.35
406.16
406.1
406.1
406.17
406.17
406.18
406.2
406.18
406.07
405.91
405.74
405.73
405.76
405.59
405.3
405.3
405.24
405.34
405.76
405.92
406.99
407.04
407.12
407.01
406.68
406.84
406.49
406.68
406.5
406.41
406.55
406.51
406.61
406.56
406.46
406.54
406.56
406.56
406.69
406.54
406.55
406.32
406.13
406.08
406.18
405.99
406.17
406.23
406.53
407.19
406.97
406.65
406.77
406.82
406.82
406.84
406.51
406.35
406.39
406.69
407.36
407.68
407.58
409.26
409.35
410.18
409.19
408.77
408.82
408.08
408.1
408.22
408.21
408.49
407.8
408.15
408.43
407.87
408.05
407.95
408.24
408.34
408.35
408.31
408.44
408.49
408.6
408.68
408.84
408.93
409.02
408.69
408.64
408.67
408.65
408.79
408.87
408.28
408.89
407.89
407.63
408.03
407.4
407.12
406.03
405.72
405.49
404.66
404.9
404.77
404.73
404.98
404.71
404.92
404.91
405.22
405.04
404.88
404.7
404.6
404.61
404.24
403.91
404.04
403.28
402.94
402.18
402.01
401.7
401.9
401.45
401.07
400.92
401.01
400.68
400.76
401.03
400.86
401.19
401.04
400.79
400.65
400.16
400.04
399.98
399.58
399.28
398.7
398.37
397.46
397.7
398.51
398.08
398.08
398.69
398.77
399.5
400.4
401.45
401.08
401.24
401.39
401.82
401.73
401.38
401.59
401.33
401.35
401.28
400.76
400.52
399.99
400.19
399.12
399.15
399.52
399.61
398.69
398.61
399.22
398.99
400.33
400.12
399.68
399.27
399.71
399.74
399.89
399.91
399.46
399.36
399.21
399.15
399.13
398.95
399.19
399.3
399.51
399.49
399.68
400.14
400.18
400.63
401.11
400.92
401.27
401.47
401.53
401.78
401.49
401.51
401.49
401.48
401.44
401.44
401.61
401.71
401.69
401.49
401.66
401.87
401.75
402.48
402.27
402.2
402.26
402.9
402.66
402.53
402.16
401.63
401.42
399.51
398.22
397.73
396.23
396.12
395.67
396.73
396.7
396.8
396.9
396.79
396.59
396.05
396.21
396.6
396.5
397.03
396.84
397.1
397.15
397.02
396.67
396.01
396.15
396.09
396.66
396.67
397.3
397.3
397.19
396.91
396.62
396.41
397.01
397.56
397.85
398.15
398.49
398.81
398.43
398.43
398.61
398.61
398.75
398.81
398.72
398.87
398.88
399.08
399.17
399.36
399.21
399.42
399.22
399.18
399.53
399.25
399.06
399.38
398.87
398.76
398.9
398.96
398.7
398.78
398.81
399.06
399.09
399.18
399.23
399.13
398.88
398.39
398.13
398.13
398.02
397.46
397.8
397.49
397.42
397.42
397.36
397.59
397.59
397.64
398.38
398.51
398.6
398.8
398.84
398.57
398.43
398.77
399.07
399.02
398.84
398.78
399.15
399.2
399.15
399.21
399.12
399.38
399.48
399.34
399.37
399.61
399.71
399.85
399.9
399.73
399.12
398.95
399.02
399.36
399.48
399.8
399.41
399.47
399.44
399.48
399.75
399.48
399.72
399.33
399.35
399.42
399.14
399.14
398.89
398.91
398.87
398.9
398.95
398.88
398.53
398.21
398.27
398.39
397.98
398
397.93
397.96
397.43
397.17
397.25
397.63
397.33
397.2
397.49
397.56
397.08
396.81
396.72
396.58
396.13
396.05
395.83
395.97
395.83
395.69
395.72
395.74
395.65
395.39
395.66
395.74
395.84
395.83
395.57
395.44
395.47
395.21
395.47
395.21
395.18
395.26
395.38
395.97
395.88
396.35
396.05
396.06
396.05
396.05
395.86
392.94
390.53
391.29
389.21
388.94
388.9
389.24
388.39
388.56
388.38
387.33
386.49
384.54
384.45
384.33
384.32
383.23
382.48
381.89
382.17
382.39
383.65
384.35
384.39
384.43
384.23
383.89
384.14
383.39
382.98
383
383.33
383.49
383.31
383.15
381.97
380.69
379.59
377.62
376.57
376.49
376.36
376.89
376.39
376.91
377.45
376.72
375.7
375.6
375.76
376.61
376.77
377.39
379.24
379.16
379.45
379.28
379.57
379.17
379.85
379.63
379.6
380.03
380.91
380.87
381.46
381.44
381.17
381.21
381.14
380.32
380.13
379.51
379.55
380.39
381.11
382.56
382.88
383.47
383.02
382.65
382.68
382.57
382.55
382.22
380.13
379.12
379.32
379.33
379.66
380.1
379.8
380.01
379.99
380.44
380.56
380.32
380.25
380.06
379.82
379.89
379.51
379.79
379.84
380.35
380.45
380.4
380.59
381.02
380.88
381.65
381.07
381.15
381.01
380.96
381.39
381.4
381.49
381.47
380.94
380.52
380.19
380.44
380.36
380.51
380.31
379.72
379.9
379.99
379.91
380.25
380.24
380.42
380.14
380.41
380.82
380.53
380.33
380.23
380.58
380.54
381.22
380.97
381.24
381.21
381.13
381.55
381.65
382.24
382.51
382.56
382.62
382.82
382.24
382.54
382.8
382.71
382.5
382.64
382.83
383.28
382.89
382.87
382.79
382.94
383.02
382.98
382.94
382.85
383.13
382.74
383.27
383.11
383.04
383.04
383.02
382.94
383.16
383.33
383.4
383.65
384.28
384.52
384.56
384.76
384.6
384.67
384.5
384.38
384.16
384.26
384.41
384.51
384.51
384.33
384.25
384.16
383.86
384.2
384.22
384.48
384.35
384.31
384.23
384.65
384.48
384.58
384.69
384.73
384.21
384.22
383.78
383.41
383.36
383.28
383.08
383.29
382.87
382.5
381.87
382.03
382.03
382.17
382.33
382.7
382.72
382.65
382.36
382.92
383.25
383.32
383.47
383.52
382.85
383.66
383.44
383.77
383.61
383.79
383.53
383.71
383.93
383.99
384.24
384.61
384.73
384.88
385.3
384.95
385.41
384.97
384.97
384.93
384.94
384.92
385.32
385.36
384.88
384.81
385.8
385.54
385.46
385.47
385.44
385.47
385.36
385.42
384.99
384.09
383.65
383.92
383.78
383.98
383.8
383.47
383.09
383.05
382.91
383.16
383.09
382.66
382.64
382.79
383.16
383.08
383.7
383.11
383.59
383.65
383.71
383.97
383.8
383.87
384.21
384.23
384.12
383.69
383.72
383.75
383.65
383.72
383.75
383.66
383.78
383.44
383.31
383.07
382.87
383.13
383.07
383.17
383.23
383.22
383.34
383.31
383.06
383.27
383.33
383.42
383.54
383.9
384.1
384.56
384.62
385.07
386.62
386.46
386.17
386.72
386.29
386.32
386.89
386.84
386.65
386.64
386.97
387.26
387.11
387.09
386.46
385.97
386.55
386.39
386.11
385.77
385.79
385.67
385.79
385.81
386.01
386.06
386.2
386.34
386.25
386.4
386.13
385.93
385.97
385.92
386.03
385.43
384.26
383.99
384.88
384.48
384.47
384.83
384.91
385.06
385.06
385.31
385.34
385.01
385.33
385.38
385.24
385.29
385.34
385.37
385.33
385.26
385.48
385.58
385.6
385.65
385.66
385.89
385.93
385.94
385.86
385.85
385.87
385.88
385.88
385.56
385.82
385.65
385.99
385.98
385.95
386.24
386.19
386.75
386.68
386.68
386.73
387.17
387.69
387.76
388.2
388.44
388.86
389.33
389.34
389.42
390.13
390.09
390.29
390.47
390.3
390.27
390.33
390.31
390.63
389.83
389.74
389.84
389.8
390.28
390.48
390.3
390.11
389.94
390.17
390.57
390.35
390.7
389.92
389.61
389.78
389.48
389.38
388.97
389.32
389.51
389.49
389.44
389.4
389.27
388.93
389.1
389.45
389.62
389.61
389.16
389.44
388.8
388.6
388.55
388.07
387.5
386.1
385.98
385.8
385.22
385.71
386.04
386.54
386.51
386.61
386.66
386.78
387.04
387.06
387.04
387.08
387.18
387.39
387.51
388.4
388.68
389.1
388.76
388.5
388.86
388.88
388.73
388.76
388.31
388.24
388.24
387.63
387.97
387.9
387.87
387.37
386.66
387.12
387.1
387.21
387.22
387.7
387.72
387.74
386.98
386.9
386.78
386.57
386.37
386.3
386.65
386.75
387.08
387.09
387.38
387.46
387.26
387.2
387.83
387.82
387.83
387.81
387.82
388.28
388.06
388.28
388.6
388.85
388.86
388.85
388.12
388.04
387.47
387.45
387.32
387.29
387.24
387.66
387.59
387.25
387.69
387.71
387.38
387.38
387.67
387.69
387.92
387.93
387.85
387.79
387.79
387.69
387.81
387.84
387.85
387.86
387.84
387.83
387.8
387.22
385.25
384.64
384.83
384.15
383.89
383.11
381.65
381.96
382.4
383.04
382.96
383.13
382.64
383.07
382.99
382.77
382.71
382.97
382.61
382.69
382.69
382.05
382.06
382.11
382.41
381.6
381.48
381.36
381.13
381.15
380.7
380.49
380.61
381.38
382.17
383.55
383.24
382.91
383.12
383.45
383.22
383.79
383.96
384
384.51
384.22
383.75
383.72
383.36
383.34
383.27
383.24
383.29
383.22
383.23
382.87
383.17
382.78
383.14
383.38
383.4
383.39
383.51
383.49
384.02
384.07
384.38
384.64
384.36
384.41
384.65
384.93
385.58
385.81
386.3
387.05
386.59
386.75
386.49
386.87
387.24
386.91
387
386.97
386.98
386.63
386.59
386.57
386.88
386.88
386.69
386.64
386.67
386.27
386.01
386.09
386.06
386.04
386.4
386.05
386.02
385.73
385.91
385.63
385.6
385.14
385.15
385.45
385.11
385.08
385.13
385.26
385.34
385.42
385.38
386.52
386.58
386.64
386.25
386.28
386.75
387.25
387.22
387.36
387.34
387.5
387.4
386.82
386.85
386.92
386.87
387
386.88
386.95
386.91
387.3
386.64
386.61
386.6
386.39
386.64
386.75
386.73
386.78
386.73
386.62
386.71
386.78
387.46
387.48
387.56
387.21
387.48
387.4
386.73
386.63
387.02
387.41
387.78
387.46
387.45
387.38
387.6
387.82
387.09
387.46
387.43
387.5
387.48
387.48
387.33
387.33
387.63
387.2
387.13
387.63
387.76
387.96
387.86
387.93
387.92
387.92
387.92
387.9
387.9
387.81
387.8
387.81
387.81
387.81
387.77
387.77
387.69
386.48
386.76
386.52
386.68
386.6
386.45
386.86
386.83
386.8
386.77
386.76
386.28
386.71
386.62
386.63
386.76
386.6
386.42
386.39
385.98
385.74
386.03
385.99
386.05
386.05
385.75
385.54
385.68
385.41
385.44
385.8
385.84
385.55
385.6
385.66
385.55
385.8
385.8
386.14
386.66
386.45
386.42
386.43
386.48
386.73
386.88
387.24
386.49
386.88
386.88
386.87
386.88
387.19
387.34
387.92
388.17
388.24
388.35
388.37
388.39
388.39
388.36
388.4
388.36
388.36
388.33
388.38
388.38
388.39
388.41
388.42
388.59
388.61
388.57
388.57
388.53
388.53
388.21
388.19
388.15
387.39
387.69
387.56
387.64
387.71
387.71
387.69
387.72
387.69
388.05
388.18
388.17
388.18
388.19
388.3
388.35
388.3
388.32
388.31
388.24
388.24
388.31
388.57
388.54
388.56
388.48
388.93
389
389.13
389.14
389.07
389.08
389.12
389.19
389.31
389.36
389.34
389.24
389.21
389.12
389.08
389.07
388.96
388.56
388.56
388.56
388.47
388.46
388.13
388.19
388.25
387.91
387.7
387.78
387.89
387.8
387.74
387.66
387.25
386.51
386.3
386.31
386.3
386.34
386.34
386.43
386.59
386.56
386.57
386.65
386.52
386.03
385.75
385.46
385.41
384.23
382.55
381.21
379.36
379.14
378.77
378.94
380.26
381.03
381.62
381.76
381.4
381.44
381.36
381.89
381.94
382.04
382.03
382.35
382.04
381.99
381.98
382.2
382.24
382.27
382.77
382.9
382.96
383.83
383.54
383.35
383.39
383.31
383.28
383.23
383.11
383.04
383.04
383.34
383
382.9
382.79
382.74
382.61
382.66
382.55
382.32
382.14
382.15
382.27
382.28
382.13
381.87
382.72
382.69
382.55
382.62
382.64
382.83
382.85
382.61
382.8
382.78
382.79
382.77
382.76
382.74
382.73
382.57
382.63
382.71
382.37
382.45
382.46
382.45
382.13
382.16
382.08
381.95
382
382.01
381.99
382.11
382.1
382.04
382.07
382.02
381.9
381.91
381.92
382.02
382.01
381.93
381.91
381.24
380.47
380.37
379.08
378.55
378.22
377.82
376.2
375.94
376.43
376.64
376.93
376.9
376.76
376.85
376.95
377.06
377.45
377.44
377.41
377.39
377.39
377.38
377.39
377.38
377.39
377.05
376.42
376.21
374.85
373.95
373.55
373.32
373.11
373.41
372.83
372.76
372.74
372.85
373.15
373.84
373.99
373.96
374.28
374.12
374.15
374.63
373.94
374.33
374.33
374.44
374.49
374.2
374.06
372.65
372.2
372.52
372.54
372.35
370.5
370.08
369.51
369.8
369.81
370.32
371.42
371.92
372.8
373.03
373.6
373.79
373.61
373.79
373.39
373.07
372.37
372.8
373.28
374.28
373.51
373.22
373.4
373.67
373.68
373.34
373.16
373.5
373.53
374.09
374.29
374.42
374.18
374.18
374.22
375.06
374.32
375.29
374.2
374.54
374.42
374.44
374.82
374.75
374.75
374.55
374.16
374.74
373.83
374.3
374.21
373.9
373.7
374.44
373.85
374.19
374.58
374.65
374.65
374.64
374.56
374.29
375.24
375.33
375.21
375.51
375.25
375.07
375.38
375.62
375.63
375.33
375.35
375.39
375.34
375.33
374.91
374.61
374.73
374.57
374.91
374.66
374.93
374.6
374.58
374.6
374.92
374.57
374.57
374.39
374.36
374.17
374.36
374.23
375.11
374.56
374.89
375.2
375.23
375.42
376.22
376.4
376.29
376.39
377.03
376.75
376.74
377.19
376.81
376.85
376.89
376.89
376.93
374.7
374.71
374.31
374.33
375.08
375.1
375.08
375.08
375.18
374.89
375
374.98
375.17
374.75
374.92
374.86
374.8
374.73
374.22
373.8
373.7
373.72
373.88
373.78
373.84
373.83
373.47
373.01
372
372.17
372.1
371.67
371.68
371.65
371.73
371.33
372.3
372.08
372.1
372.1
372.27
371.97
372.43
371.7
370.72
370.08
370.33
369.95
369.96
369.82
369.92
370.18
370.34
370.41
370.51
371
371.14
371.31
372.04
371.79
371.64
371.68
372.14
372.16
372.32
372.7
373.42
373.23
373.44
374.01
373.68
374.39
374.72
374.49
374.71
374.78
374.43
374.03
374.03
374.01
374.01
374.35
374.34
373.79
374.05
374.63
374.03
373.79
373.71
373.44
373.53
373.41
373.38
373.52
373.52
373.49
372.87
373.09
372.7
372.79
373
372.93
373.12
373.65
374.38
375.65
375.53
375.72
376.67
377.25
377.08
377.19
377.64
377.8
377.92
377.8
377.4
377.23
377.23
377.56
377.65
377.65
377.56
377.54
377.23
377.35
377.35
377.71
377.58
377.42
377.32
377.32
376.09
376.6
376.35
376.64
376.64
376.6
376.82
376.75
376.43
376.52
376.34
376.4
376.27
376.27
376.53
376.52
376.53
376.55
376.55
376.55
376.88
376.88
376.55
376.51
376.34
376.38
376.56
376.22
376.36
376.62
376.65
376.7
376.84
376.51
376.54
376.63
376.86
376.81
376.98
376.97
376.84
376.86
377.15
377.49
377.08
377
377.01
377.05
376.92
376.95
377.27
377.37
376.64
376.46
376.69
376.62
376.17
374.99
375.08
375.63
374.38
374.28
374.03
373.94
373.93
374.22
374.05
374.1
374.48
374.02
374.31
374.29
374.37
374.08
374.31
374.18
374.16
373.98
374.22
373.87
373.77
373.36
373.42
373.22
373.15
373.13
373.13
373.52
373.93
373.59
373.5
373.21
373.17
373.18
373.52
373.49
373.46
373.43
373.76
373.64
373.6
373.61
373.6
373.92
374.02
374.31
374.72
374.56
374.57
374.76
374.65
374.63
374.63
374.63
374.33
374.47
374.52
374.22
374.19
374.41
374.42
374.5
374.51
374.96
374.74
374.76
374.74
375.1
375.4
375.62
375.51
375.54
375.89
375.95
375.92
376
375.68
376.01
376.26
376.05
376.41
376.17
376.26
376.25
376.23
376.19
376.19
376.22
376.2
375.87
376.16
376.26
376.37
376.46
376.45
376.54
376.51
376.47
376.78
376.9
376.85
376.87
376.4
376.7
376.78
376.78
376.81
377.15
377.43
377.17
376.93
377.27
376.95
376.82
376.53
377.12
376.94
377.13
376.78
376.78
376.61
376.68
376.67
376.65
376.64
376.95
376.29
376.3
376.29
376.65
376.58
376.15
376.14
376.12
376.03
376.12
376.23
376.3
376.36
376.57
376.3
376.5
376.5
376.39
376.42
376.43
376.39
376.49
376.08
376.09
376.09
376.01
376.13
375.3
375.34
375.35
375.49
375.77
375.38
375.38
375.64
375.61
375.72
375.73
376.24
375.71
375.95
375.8
376.14
375.92
375.97
376.31
376.01
376.29
376.13
375.99
375.99
376.32
376.33
376.3
376.04
375.7
375.7
375.79
375.72
376.06
375.9
376.2
376.23
376.23
376.14
376.15
376.24
376.28
376.7
376.37
376.54
376.64
376.99
376.99
377.02
377.02
377.42
377.53
377.57
377.17
377.87
377.68
378.17
378.17
378.22
378.23
378.58
378.52
378.87
378.85
379.02
378.52
378.5
378.32
378.31
378.34
378.31
378.33
378.32
378.65
378.33
378.05
378.35
378.36
378.4
378.47
378.2
378.62
378.68
378.67
378.68
378.8
379.13
379.12
378.79
378.79
379.12
379.03
379.05
379.07
379.08
379.32
379.31
379.34
379.34
379.29
379.22
379.21
378.97
378.85
378.45
376.33
373.26
373.26
373.13
373.66
373.02
373.24
373.73
373.81
373.4
373.94
374.58
374.29
374.24
374.19
374.22
374.12
374.1
374.17
374.16
374.01
374.05
374.37
374.34
374.38
374.41
374.03
374.12
374.44
375.12
375.17
375.45
375.82
375.53
375.94
376.12
375.62
375.65
375.67
376.08
376.07
376.43
376.11
376.1
376.42
376.06
376.3
376.33
376.34
375.78
376.02
376.02
375.8
375.64
374.98
374.89
375.44
375.43
375.37
374.76
374.61
374.7
374.94
374.58
374.83
374.56
374.54
374.54
374.01
374.5
374.65
374.47
374.5
375.02
374.74
375.04
375.55
375.86
375.96
375.96
375.71
376.13
376.35
376.34
376.4
376.4
376.47
375.9
376.01
376.14
376.1
376.17
376.16
376.14
375.45
375.47
375.12
374.75
375.04
375.04
375.22
375.32
375.3
375.09
375.39
