388.22
389.15
384.12
385.4
379.81
380.38
381.33
384.82
384.55
380.46
383.73
383.45
383.07
384.16
384.37
384.23
384.87
384.04
384.47
386.89
386.55
384.5
385.85
385.22
381.49
383.78
382.29
381.72
381.15
380.09
381.52
382.18
383.54
383.04
382.06
380.74
382.56
382.59
383.61
387.76
385.92
389.88
392.45
391.71
389.79
389.29
388.57
388.31
388.29
388.82
387.09
385.31
385.61
385.4
388.07
388.21
386.83
387.06
386.84
387.19
386.43
384.76
384.73
385.2
383.59
383.4
385.71
386.28
386.61
385.91
384.91
384.27
384.68
384.61
384.61
384.06
383.99
383.53
382.45
382.4
378.58
375.1
373.2
371.94
371.39
368.36
369.57
371.44
371.8
365.72
363.47
364.76
360.33
364.41
366.18
362.53
361.44
358.38
357.66
357.65
357.4
357.15
357.82
353.67
353.24
355.49
356.27
362.24
358.48
362.18
360.64
362.79
361.65
361.46
359.52
359.45
359.7
359.11
356.86
356.92
358.36
358.8
356.37
357.2
357.25
358.61
358.95
356.44
349.13
344.45
344.66
343.82
347.29
345.72
345.78
343.7
351.24
352.77
348.31
349.54
350.28
351.48
350.86
348.47
348.58
348.94
346.99
349.89
349.81
360.99
357.76
357.72
357.96
358.91
353.15
351.69
353.29
356.47
355.51
355.27
354.3
355.52
355.4
355.81
355.55
355.19
354.9
355.17
354.88
356.29
354.71
352.06
352.35
351.05
354.09
354.55
357.72
356.1
355.97
356.28
356.73
356.79
356.44
356.57
356.09
355.79
353.8
352.9
352.86
354.04
352.05
353.34
352.17
352.98
353.66
354.05
354.19
352.87
352.64
356.35
356.34
356.09
356.86
356.93
356.59
355.5
354.55
355.27
355.43
354.65
354.7
356.38
356.65
356.07
355.75
354.93
353.99
353.19
351.53
354.31
353.67
353.24
353.91
354.38
353.18
353.13
352.94
348.27
347.51
346.8
341.74
341.86
342.57
342.84
342.52
343.37
342.83
343.28
337.15
337.95
335.17
338.76
338.52
338.6
336.12
336.28
340.34
339.25
338.84
339.41
337.48
335.77
336.49
339.18
336.93
349.65
347.91
350.42
345.8
345.63
345.83
347.21
347.46
347.04
344.27
345.18
346.42
345.44
344.27
344.1
344.35
338.44
342.01
342.55
342.63
342.65
343.01
340.55
341.13
342.69
342.52
342.47
338.99
339.2
338.66
339.34
339.34
339.19
339.07
332.69
334.42
331.53
332.26
331.89
329.77
329.78
328.17
327.71
325.88
325.99
327.51
323.08
323.81
324.52
324.39
324.52
325.7
326.11
326.76
326.71
327.17
328.7
326.21
324.85
324.79
326.14
321.68
324.1
324.89
324.68
325.96
326.45
325.64
325.73
325.7
324.69
324.7
333.43
332.24
333.55
330.16
330.09
329.61
329.21
331.45
330.64
332.18
330.44
330.21
329.17
328.62
330.38
329.84
328.47
327.91
329.86
327.41
328.97
327.79
326.26
326.19
325.92
327.87
328.58
328.69
326.56
324.77
326.27
323.55
324.88
323.05
322.48
322.8
323.66
325.02
328.91
330.47
329.02
329.56
330.55
330.73
330.2
330.03
327.56
327.82
328.13
328.82
329.87
337.03
336.85
335.54
335.77
333.87
334.63
336.4
335.06
339.13
338.32
338.32
338.29
337.58
342.81
341.99
341.44
342.09
342.46
342.01
343.52
339.31
340.02
340.78
339.59
340.92
337.56
338.2
341.0
339.17
339.76
339.71
340.61
340.27
339.07
339.36
341.46
349.62
349.92
347.96
347.58
347.48
351.52
351.71
351.25
350.57
348.02
348.4
348.86
348.65
350.72
351.16
351.37
351.68
348.55
346.8
343.47
344.88
345.72
345.7
345.52
345.15
344.95
343.19
342.13
342.06
343.32
343.18
344.4
342.48
342.29
342.32
342.74
343.67
346.0
346.21
344.89
344.07
343.51
343.6
342.72
343.28
343.15
343.19
342.79
342.41
342.46
342.55
342.94
343.43
345.45
345.33
345.43
347.02
346.34
345.93
345.9
344.85
344.79
344.45
345.76
345.48
350.53
350.55
350.66
350.78
350.91
348.97
357.77
357.4
357.96
357.0
356.88
356.59
358.14
360.59
360.04
365.78
361.56
358.63
360.07
360.89
360.58
359.15
361.82
367.42
363.01
371.84
374.56
371.82
373.05
376.32
374.8
374.38
375.9
374.34
373.48
369.38
369.36
366.68
370.64
369.16
370.77
370.23
370.27
370.87
368.16
368.15
369.01
369.7
367.2
363.94
365.87
365.65
365.75
366.33
366.97
367.78
368.45
369.1
368.9
371.89
371.91
376.74
380.43
387.14
384.75
384.42
381.33
382.22
390.05
395.7
398.12
397.43
400.66
407.8
409.68
429.12
421.37
427.05
425.61
428.08
419.75
428.63
428.13
435.53
450.64
453.36
445.0
444.77
425.3
433.02
427.82
430.54
438.52
430.83
407.97
404.73
413.56
406.73
422.39
418.68
413.65
413.2
393.9
393.32
394.39
396.2
399.63
394.07
399.38
410.08
410.14
399.69
394.34
397.11
398.34
395.2
395.64
400.14
399.74
405.99
397.6
393.76
397.38
397.14
395.75
395.53
397.87
397.98
398.38
394.95
394.14
391.09
391.06
390.74
389.63
379.51
375.6
371.73
375.13
378.04
378.95
382.46
380.02
376.04
376.94
378.78
378.97
379.43
383.39
387.86
393.98
390.39
386.18
390.64
389.57
385.22
384.38
383.22
383.26
383.26
389.3
389.38
387.8
388.69
389.34
388.82
399.36
399.28
406.27
404.53
400.04
404.34
403.69
403.6
413.49
409.73
409.36
413.2
405.5
402.27
400.8
383.18
383.37
388.2
387.33
385.55
389.33
393.54
389.45
390.45
385.12
390.18
389.43
390.59
390.72
385.79
385.58
378.95
380.51
375.98
376.78
380.32
379.38
379.23
379.14
381.47
381.44
378.41
378.37
378.3
376.58
