368.38
368.19
367.86
368.24
369.65
368.52
369.98
369.23
366.52
367.63
367.33
367.12
365.75
361.45
362.65
364.26
364.46
364.12
362.95
364.95
365.83
365.66
366.21
366.86
370.14
373.28
377.08
377.42
381
381.02
381.94
380.85
378.33
380.25
387.85
389.7
392.05
392.95
395.63
399.74
407.21
429.47
416.36
418.13
422.15
423.46
417.54
424.99
424.44
427.17
436.18
441.82
454.89
452.13
450.21
440.11
441.6
425.3
418.08
423.22
429.28
428.42
433.64
429.64
424.08
406.49
387.11
401.77
407.11
403.59
416.9
418.42
408.17
405.64
390.98
388.73
394.34
390.71
394.32
394.56
387.1
390.64
396.72
393.9
408.61
404.66
399.01
398.86
392.75
394.93
395.81
392.77
392.88
394.92
397.87
398.23
403.2
396.96
392.25
395.16
393.39
393.11
393.89
394.86
393.21
390.82
388.88
390.83
387.01
381.88
371.4
376.65
371.53
369.24
372.74
372.58
375.42
378.55
376.01
375.11
375.13
376.92
376.97
376.98
378.58
384.62
385.71
390.47
386.19
386.64
383.59
388.21
388.83
385.57
379.39
380.36
380.97
381.8
383.27
386.75
385.62
385.88
387.63
388.55
398.73
399.23
403.17
400.74
398.07
401.81
399.66
399.43
405.94
406.63
406.41
408.93
397.46
401.49
398.49
399.15
395.83
383.33
379.8
382.62
383.78
383.78
386.89
385.87
389.45
386.75
383.13
384.93
387
387.77
388.37
389.21
382.24
382.1
374.33
374.21
376.89
371.31
377.23
377
374.31
376.78
375.71
378.65
374.44
376.01
375.06
